9.498409774874384 0.09498409774874383 9.45 9.5 9.7 9.8
9.101590225125614 0.09101590225125614 8.8 8.85 9.1 9.15
8.301590225125613 0.08301590225125613 8.15 8.2 8.3 8.35
8.644599469544271 0.08644599469544272 7.45 7.5 8.7 8.75
8.10159022468341 0.0810159022468341 7.8 7.85 8.1 8.15
7.466276005067113 0.07466276005067113 7.2 7.25 7.55 7.6
6.948409774874387 0.06948409774874387 6.9 6.95 7.15 7.2
7.051590225125613 0.07051590225125613 6.8 6.85 7.05 7.1
6.399244812922108 0.06399244812922109 6.2 6.25 6.55 6.6
5.951590225125613 0.05951590225125613 5.7 5.75 5.95 6.0
5.43266616506011 0.0543266616506011 5.3 5.35 5.55 5.6
4.499936340144707 0.04499936340144707 4.49 4.5 4.52 4.53
3.659342152527507 0.036593421525275074 3.6 3.65 3.75 3.8
1.4799363401447103 0.014799363401447104 1.47 1.48 1.49 1.5
