9.70634510348608 0.0970634510348608 9.45 9.5 9.7 9.8
8.848409774874384 0.08848409774874384 8.8 8.85 9.1 9.15
8.198409774874428 0.08198409774874428 8.15 8.2 8.3 8.35
8.636308958550282 0.08636308958550283 7.45 7.5 8.7 8.75
8.073773387450014 0.08073773387450014 7.8 7.85 8.1 8.15
7.475337762757974 0.07475337762757973 7.2 7.25 7.55 7.6
7.013052937528443 0.07013052937528444 6.9 6.95 7.15 7.2
6.848409774874407 0.06848409774874407 6.8 6.85 7.05 7.1
6.40729370673476 0.0640729370673476 6.2 6.25 6.55 6.6
5.872345649494402 0.058723456494944024 5.7 5.75 5.95 6.0
5.461783750755008 0.05461783750755008 5.3 5.35 5.55 5.6
4.499936340144727 0.04499936340144727 4.49 4.5 4.52 4.53
3.662184409169924 0.03662184409169924 3.6 3.65 3.75 3.8
1.4900195686131572 0.014900195686131573 1.47 1.48 1.49 1.5
