9.498409774874387 0.09498409774874388 9.45 9.5 9.7 9.8
8.84840977487664 0.0884840977487664 8.8 8.85 9.1 9.15
8.19840977487439 0.0819840977487439 8.15 8.2 8.3 8.35
8.631776624267916 0.08631776624267916 7.45 7.5 8.7 8.75
8.072020084708006 0.08072020084708006 7.8 7.85 8.1 8.15
7.478275175931677 0.07478275175931677 7.2 7.25 7.55 7.6
6.967110251709669 0.0696711025170967 6.9 6.95 7.15 7.2
6.848409774874401 0.06848409774874402 6.8 6.85 7.05 7.1
6.402852010162174 0.06402852010162174 6.2 6.25 6.55 6.6
5.923068959156619 0.05923068959156619 5.7 5.75 5.95 6.0
5.42596080863213 0.0542596080863213 5.3 5.35 5.55 5.6
4.520063659855293 0.045200636598552925 4.49 4.5 4.52 4.53
3.6969352226724066 0.03696935222672407 3.6 3.65 3.75 3.8
1.479936340144732 0.014799363401447321 1.47 1.48 1.49 1.5
