9.706345103486035 0.09706345103486035 9.45 9.5 9.7 9.8
8.848409774874398 0.08848409774874398 8.8 8.85 9.1 9.15
8.244124064279735 0.08244124064279734 8.15 8.2 8.3 8.35
8.644923662600586 0.08644923662600587 7.45 7.5 8.7 8.75
8.101590225125594 0.08101590225125595 7.8 7.85 8.1 8.15
7.481117887916637 0.07481117887916637 7.2 7.25 7.55 7.6
7.055299752686084 0.07055299752686084 6.9 6.95 7.15 7.2
6.943253541063022 0.06943253541063023 6.8 6.85 7.05 7.1
6.431619409559191 0.06431619409559192 6.2 6.25 6.55 6.6
5.866900076574984 0.05866900076574984 5.7 5.75 5.95 6.0
5.348409774874386 0.05348409774874386 5.3 5.35 5.55 5.6
4.52006365985529 0.0452006365985529 4.49 4.5 4.52 4.53
3.693588747561376 0.036935887475613764 3.6 3.65 3.75 3.8
1.4900636598552726 0.014900636598552727 1.47 1.48 1.49 1.5
