9.706345103486099 0.09706345103486098 9.45 9.5 9.7 9.8
8.84840977487439 0.08848409774874391 8.8 8.85 9.1 9.15
8.198409774874394 0.08198409774874393 8.15 8.2 8.3 8.35
8.644714552671093 0.08644714552671094 7.45 7.5 8.7 8.75
8.079951117174462 0.08079951117174462 7.8 7.85 8.1 8.15
7.513072491474856 0.07513072491474856 7.2 7.25 7.55 7.6
7.009734662751064 0.07009734662751065 6.9 6.95 7.15 7.2
6.901116734001257 0.06901116734001257 6.8 6.85 7.05 7.1
6.407368776813092 0.06407368776813092 6.2 6.25 6.55 6.6
5.9009236173640875 0.05900923617364088 5.7 5.75 5.95 6.0
5.476385847719987 0.054763858477199875 5.3 5.35 5.55 5.6
4.520063659855293 0.045200636598552925 4.49 4.5 4.52 4.53
3.6615377668263265 0.03661537766826327 3.6 3.65 3.75 3.8
1.4900636598552908 0.014900636598552909 1.47 1.48 1.49 1.5
