9.498409774874384 0.09498409774874383 9.45 9.5 9.7 9.8
8.848409774874384 0.08848409774874384 8.8 8.85 9.1 9.15
8.22273684819024 0.08222736848190239 8.15 8.2 8.3 8.35
8.611892599773093 0.08611892599773092 7.45 7.5 8.7 8.75
8.097192738128136 0.08097192738128137 7.8 7.85 8.1 8.15
7.489837520482447 0.07489837520482447 7.2 7.25 7.55 7.6
7.015959169899565 0.07015959169899565 6.9 6.95 7.15 7.2
6.848409774874398 0.06848409774874398 6.8 6.85 7.05 7.1
6.414714409155395 0.06414714409155395 6.2 6.25 6.55 6.6
5.902386818015227 0.05902386818015227 5.7 5.75 5.95 6.0
5.410094376663152 0.05410094376663152 5.3 5.35 5.55 5.6
4.520063659855266 0.04520063659855266 4.49 4.5 4.52 4.53
3.682782769072405 0.03682782769072405 3.6 3.65 3.75 3.8
1.4900636598552628 0.014900636598552628 1.47 1.48 1.49 1.5
