9.70634510348611 0.0970634510348611 9.45 9.5 9.7 9.8
9.101590225125618 0.09101590225125618 8.8 8.85 9.1 9.15
8.301590225125596 0.08301590225125596 8.15 8.2 8.3 8.35
8.638826191769391 0.08638826191769391 7.45 7.5 8.7 8.75
8.101559755288463 0.08101559755288464 7.8 7.85 8.1 8.15
7.513005250697505 0.07513005250697505 7.2 7.25 7.55 7.6
7.129133692678762 0.07129133692678762 6.9 6.95 7.15 7.2
6.95557143503843 0.06955571435038431 6.8 6.85 7.05 7.1
6.427227547775092 0.06427227547775093 6.2 6.25 6.55 6.6
5.935275249440625 0.059352752494406254 5.7 5.75 5.95 6.0
5.55005185714106 0.055500518571410605 5.3 5.35 5.55 5.6
4.520063659855263 0.04520063659855263 4.49 4.5 4.52 4.53
3.741024843538213 0.03741024843538213 3.6 3.65 3.75 3.8
1.4900636598552643 0.014900636598552643 1.47 1.48 1.49 1.5
