9.57069 0.09570690000000001 9.45 9.5 9.7 9.8
9.10159 0.0910159 8.8 8.85 9.1 9.15
8.19841 0.0819841 8.15 8.2 8.3 8.35
8.59208 0.08592079999999999 7.45 7.5 8.7 8.75
8.03566 0.0803566 7.8 7.85 8.1 8.15
7.44653 0.0744653 7.2 7.25 7.55 7.6
7.02454 0.0702454 6.9 6.95 7.15 7.2
6.89974 0.0689974 6.8 6.85 7.05 7.1
6.38301 0.0638301 6.2 6.25 6.55 6.6
5.87841 0.0587841 5.7 5.75 5.95 6.0
5.38372 0.0538372 5.3 5.35 5.55 5.6
4.52006 0.0452006 4.49 4.5 4.52 4.53
3.66144 0.0366144 3.6 3.65 3.75 3.8
1.47994 0.0147994 1.47 1.48 1.49 1.5
