9.63301 0.0963301 9.45 9.5 9.7 9.8
8.904 0.08904 8.8 8.85 9.1 9.15
8.19841 0.0819841 8.15 8.2 8.3 8.35
8.62176 0.0862176 7.45 7.5 8.7 8.75
8.04819 0.0804819 7.8 7.85 8.1 8.15
7.48334 0.07483340000000001 7.2 7.25 7.55 7.6
7.06845 0.07068450000000001 6.9 6.95 7.15 7.2
6.94723 0.0694723 6.8 6.85 7.05 7.1
6.41016 0.06410160000000001 6.2 6.25 6.55 6.6
5.91215 0.059121499999999994 5.7 5.75 5.95 6.0
5.38968 0.0538968 5.3 5.35 5.55 5.6
4.49997 0.044999700000000004 4.49 4.5 4.52 4.53
3.72983 0.0372983 3.6 3.65 3.75 3.8
1.48667 0.0148667 1.47 1.48 1.49 1.5
