9.67889 0.09678890000000001 9.45 9.5 9.7 9.8
8.84841 0.0884841 8.8 8.85 9.1 9.15
8.19841 0.0819841 8.15 8.2 8.3 8.35
8.62312 0.08623120000000001 7.45 7.5 8.7 8.75
8.06039 0.0806039 7.8 7.85 8.1 8.15
7.47461 0.07474610000000001 7.2 7.25 7.55 7.6
7.06115 0.0706115 6.9 6.95 7.15 7.2
6.88933 0.0688933 6.8 6.85 7.05 7.1
6.39924 0.0639924 6.2 6.25 6.55 6.6
5.94931 0.0594931 5.7 5.75 5.95 6.0
5.415 0.054150000000000004 5.3 5.35 5.55 5.6
4.49994 0.044999399999999995 4.49 4.5 4.52 4.53
3.72776 0.0372776 3.6 3.65 3.75 3.8
1.48646 0.014864599999999999 1.47 1.48 1.49 1.5
