9.66447 0.0966447 9.45 9.5 9.7 9.8
8.904 0.08904 8.8 8.85 9.1 9.15
8.30159 0.08301589999999999 8.15 8.2 8.3 8.35
8.63559 0.08635590000000001 7.45 7.5 8.7 8.75
8.10159 0.0810159 7.8 7.85 8.1 8.15
7.50136 0.0750136 7.2 7.25 7.55 7.6
7.0364 0.07036400000000001 6.9 6.95 7.15 7.2
7.01281 0.0701281 6.8 6.85 7.05 7.1
6.41533 0.0641533 6.2 6.25 6.55 6.6
5.86703 0.0586703 5.7 5.75 5.95 6.0
5.49261 0.0549261 5.3 5.35 5.55 5.6
4.52006 0.0452006 4.49 4.5 4.52 4.53
3.64841 0.036484100000000005 3.6 3.65 3.75 3.8
1.48657 0.014865699999999999 1.47 1.48 1.49 1.5
