9.57 0.09570000000000001 9.45 9.5 9.7 9.8
8.904 0.08904 8.8 8.85 9.1 9.15
8.2347 0.082347 8.15 8.2 8.3 8.35
8.6146 0.086146 7.45 7.5 8.7 8.75
8.03081 0.08030810000000001 7.8 7.85 8.1 8.15
7.45919 0.0745919 7.2 7.25 7.55 7.6
7.0394 0.070394 6.9 6.95 7.15 7.2
6.91465 0.0691465 6.8 6.85 7.05 7.1
6.39927 0.0639927 6.2 6.25 6.55 6.6
5.85541 0.0585541 5.7 5.75 5.95 6.0
5.3912 0.05391200000000001 5.3 5.35 5.55 5.6
4.50294 0.0450294 4.49 4.5 4.52 4.53
3.68402 0.0368402 3.6 3.65 3.75 3.8
1.48648 0.014864800000000001 1.47 1.48 1.49 1.5
