9.62607 0.0962607 9.45 9.5 9.7 9.8
8.84841 0.0884841 8.8 8.85 9.1 9.15
8.19841 0.0819841 8.15 8.2 8.3 8.35
8.61839 0.0861839 7.45 7.5 8.7 8.75
8.1002 0.08100199999999999 7.8 7.85 8.1 8.15
7.48435 0.07484350000000001 7.2 7.25 7.55 7.6
7.03291 0.0703291 6.9 6.95 7.15 7.2
6.84841 0.0684841 6.8 6.85 7.05 7.1
6.39927 0.0639927 6.2 6.25 6.55 6.6
5.86692 0.058669200000000005 5.7 5.75 5.95 6.0
5.34841 0.05348410000000001 5.3 5.35 5.55 5.6
4.52006 0.0452006 4.49 4.5 4.52 4.53
3.70713 0.0370713 3.6 3.65 3.75 3.8
1.49006 0.0149006 1.47 1.48 1.49 1.5
