9.49841 0.0949841 9.45 9.5 9.7 9.8
8.84841 0.0884841 8.8 8.85 9.1 9.15
8.19841 0.0819841 8.15 8.2 8.3 8.35
8.59196 0.0859196 7.45 7.5 8.7 8.75
8.04824 0.0804824 7.8 7.85 8.1 8.15
7.46066 0.0746066 7.2 7.25 7.55 7.6
6.99984 0.0699984 6.9 6.95 7.15 7.2
6.93023 0.0693023 6.8 6.85 7.05 7.1
6.38843 0.06388429999999999 6.2 6.25 6.55 6.6
5.88121 0.058812100000000006 5.7 5.75 5.95 6.0
5.55159 0.0555159 5.3 5.35 5.55 5.6
4.52006 0.0452006 4.49 4.5 4.52 4.53
3.64841 0.036484100000000005 3.6 3.65 3.75 3.8
1.48477 0.0148477 1.47 1.48 1.49 1.5
