# eROSITA early data release
# https://arxiv.org/pdf/2401.16747.pdf
# mass [eV]  photon coupling [GeV^-1]
8528.8 1.1144e-18
8574.8 1.2450e-18
8573.0 1.3558e-18
8620.6 1.4270e-18
8619.7 1.4891e-18
8643.1 1.5673e-18
8816.1 1.5671e-18
8891.6 1.5405e-18
8940.6 1.6492e-18
9066.5 1.7655e-18
9117.8 1.7805e-18
9198.1 1.5936e-18
9304.6 1.4757e-18
9461.2 1.6627e-18
9975.0 2.3984e-18
10207 2.1101e-18
10475 1.7046e-18
10528 2.2016e-18
10611 2.8676e-18
10668 3.3149e-18
10857 2.5663e-18
10926 1.9367e-18
11148 1.7185e-18
11468 1.7182e-18
11590 2.3555e-18
11581 3.2850e-18
11674 3.9967e-18
11912 3.3695e-18
12020 2.6992e-18
12254 3.3977e-18
12566 3.9272e-18
12877 5.8625e-18
13121 2.8393e-18
13213 1.6591e-18
13554 1.6873e-18
13612 2.9371e-18
13785 5.4269e-18
14120 3.1171e-18
14546 1.7600e-18
14568 3.0377e-18
14634 4.7329e-18
14830 6.8288e-18
15015 4.4200e-18
15164 2.4748e-18
15267 1.6019e-18
15493 1.2832e-18
15747 1.7147e-18
15811 3.3064e-18
16354 3.5693e-18
16621 4.9349e-18
17167 9.5142e-18
17381 6.2109e-18
17777 6.4805e-18
8237.0 1.5678e-18
8048.5 1.9241e-18
7887.1 2.3018e-18
7779.9 1.9082e-18
7586.9 1.6510e-18
7349.2 2.1880e-18
7238.3 3.3518e-18
7003.6 2.2264e-18
6913.9 1.3348e-18
6680.7 1.5303e-18
6588.3 1.3934e-18
6304.4 2.6649e-18
6091.2 3.1882e-18
5973.5 2.8058e-18
5822.4 2.9789e-18
5722.8 3.3285e-18
5530.7 3.5643e-18
5349.7 2.6906e-18
5230.8 2.5135e-18
5041.3 2.6236e-18
4932.7 1.8498e-18
4833.6 2.2318e-18
4746.4 3.6917e-18
4600.7 3.7560e-18
4495.4 1.4577e-18
4403.8 6.3208e-19
4344.5 4.9363e-19
4234.9 5.1085e-19
4088.8 8.0982e-19
4024.9 1.5485e-18
3926.6 3.6029e-18
3782.0 4.8573e-18
3644.7 5.2015e-18
3546.0 3.6988e-18
3466.6 1.1698e-18
3429.6 9.2140e-19
3342.9 9.6993e-19
3259.3 9.1388e-19
3176.7 9.7857e-19
3138.5 1.3532e-18
2973.7 4.5441e-18
2873.7 4.9921e-18
2786.7 4.2826e-18
2637.9 2.0929e-18
2549.4 2.2412e-18
2407.5 2.9205e-18
2340.4 2.8962e-18
2295.6 2.3605e-18
2231.5 2.3609e-18
2147.9 4.1460e-18
2079.5 6.8005e-18
2002.0 3.5275e-18
1934.7 3.8424e-18
1899.3 7.1010e-18
1849.2 1.1647e-17
1785.9 5.2706e-18
1777.4 3.6527e-18