# Mass_keV gagg_GeV-1
2.194000e+00 1.600056e-17
2.206000e+00 1.424345e-17
2.218000e+00 1.418623e-17
2.242000e+00 1.185046e-17
2.266000e+00 9.664783e-18
2.292000e+00 8.492575e-18
2.316000e+00 7.278892e-18
2.340000e+00 1.398098e-17
2.364000e+00 1.739974e-17
2.388000e+00 1.756871e-17
2.412000e+00 1.703664e-17
2.436000e+00 1.304599e-17
2.460000e+00 9.772978e-18
2.486000e+00 5.053756e-18
2.510000e+00 5.007515e-18
2.534000e+00 4.281797e-18
2.558000e+00 4.692734e-18
2.582000e+00 4.431002e-18
2.606000e+00 6.744342e-18
2.630000e+00 1.076313e-17
2.654000e+00 1.296192e-17
2.680000e+00 1.370757e-17
2.704000e+00 1.355018e-17
2.728000e+00 1.276336e-17
2.752000e+00 1.116627e-17
2.776000e+00 7.959138e-18
2.800000e+00 6.848601e-18
2.824000e+00 5.837011e-18
2.848000e+00 4.693966e-18
2.872000e+00 5.078912e-18
2.896000e+00 6.766104e-18
2.922000e+00 5.733589e-18
2.946000e+00 9.398033e-18
2.958000e+00 8.589909e-18
2.970000e+00 1.169240e-17
2.982000e+00 1.050646e-17
2.994000e+00 1.151590e-17
3.018000e+00 1.063376e-17
3.042000e+00 9.742041e-18
3.066000e+00 6.663967e-18
3.090000e+00 5.288620e-18
3.116000e+00 4.826896e-18
3.140000e+00 4.573695e-18
3.164000e+00 5.890696e-18
3.188000e+00 4.178844e-18
3.236000e+00 5.326724e-18
3.284000e+00 6.377451e-18
3.334000e+00 5.121926e-18
3.382000e+00 4.263330e-18
3.430000e+00 3.441364e-18
3.454000e+00 3.422795e-18
3.504000e+00 4.061051e-18
3.528000e+00 4.701441e-18
3.552000e+00 5.013076e-18
3.600000e+00 5.802446e-18
3.648000e+00 6.388703e-18
3.696000e+00 7.901783e-18
3.722000e+00 8.937370e-18
3.746000e+00 8.861075e-18
3.794000e+00 8.338312e-18
3.842000e+00 8.494392e-18
3.890000e+00 8.426515e-18
3.916000e+00 7.959547e-18
3.940000e+00 7.524335e-18
3.988000e+00 6.440511e-18
4.000000e+00 5.806775e-18
4.036000e+00 5.244505e-18
4.084000e+00 4.752405e-18
4.134000e+00 5.223862e-18
4.182000e+00 6.627716e-18
4.206000e+00 5.083940e-18
4.230000e+00 5.103425e-18
4.278000e+00 3.571156e-18
4.304000e+00 3.524169e-18
4.328000e+00 2.719090e-18
4.352000e+00 2.401815e-18
4.400000e+00 2.341452e-18
4.420000e+00 2.530451e-18
4.450000e+00 2.926333e-18
4.480000e+00 3.145024e-18
4.510000e+00 3.751584e-18
4.540000e+00 4.511582e-18
4.570000e+00 2.032228e-18
4.600000e+00 2.070787e-18
4.630000e+00 2.346967e-18
4.660000e+00 2.510611e-18
4.690000e+00 2.950534e-18
4.720000e+00 3.235279e-18
4.750000e+00 3.755910e-18
4.780000e+00 4.596398e-18
4.810000e+00 4.911728e-18
4.840000e+00 6.943942e-18
4.870000e+00 7.670842e-18
4.900000e+00 8.493853e-18
4.930000e+00 8.936378e-18
4.960000e+00 8.833220e-18
4.990000e+00 8.653828e-18
5.020000e+00 8.558549e-18
5.050000e+00 7.938681e-18
5.080000e+00 7.967925e-18
5.110000e+00 6.890303e-18
5.140000e+00 5.708658e-18
5.170000e+00 5.320129e-18
5.200000e+00 4.476893e-18
5.230000e+00 4.553293e-18
5.260000e+00 4.272068e-18
5.290000e+00 4.160456e-18
5.320000e+00 4.326162e-18
5.350000e+00 4.451567e-18
5.380000e+00 4.595467e-18
5.410000e+00 4.422381e-18
5.440000e+00 4.731790e-18
5.470000e+00 5.126035e-18
5.500000e+00 5.611744e-18
5.530000e+00 5.348193e-18
5.560000e+00 5.076850e-18
5.590000e+00 5.085446e-18
5.620000e+00 4.977156e-18
5.650000e+00 5.425089e-18
5.680000e+00 5.913763e-18
5.710000e+00 6.318261e-18
5.740000e+00 7.061649e-18
5.770000e+00 7.640411e-18
5.800000e+00 7.873846e-18
5.830000e+00 8.013504e-18
5.860000e+00 7.580379e-18
5.890000e+00 7.443451e-18
5.920000e+00 7.078112e-18
5.950000e+00 6.588861e-18
5.980000e+00 6.108138e-18
6.010000e+00 5.062034e-18
6.040000e+00 4.260883e-18
6.070000e+00 3.594371e-18
6.100000e+00 3.346576e-18
6.130000e+00 3.292813e-18
6.160000e+00 3.367249e-18
6.190000e+00 3.911893e-18
6.220000e+00 4.534495e-18
6.250000e+00 6.260751e-18
6.280000e+00 7.089583e-18
6.310000e+00 7.438131e-18
6.340000e+00 7.551260e-18
6.370000e+00 7.626485e-18
6.400000e+00 7.574635e-18
6.430000e+00 7.727271e-18
6.460000e+00 7.448951e-18
6.490000e+00 7.072760e-18
6.520000e+00 5.933627e-18
6.550000e+00 4.792841e-18
6.580000e+00 4.243267e-18
6.610000e+00 3.363767e-18
6.640000e+00 3.127998e-18
6.670000e+00 3.026234e-18
6.700000e+00 3.021885e-18
6.730000e+00 3.213238e-18
6.760000e+00 3.203571e-18
6.790000e+00 3.569084e-18
6.820000e+00 3.949364e-18
6.850000e+00 4.372377e-18
6.880000e+00 5.524846e-18
6.910000e+00 6.280843e-18
6.940000e+00 6.328286e-18
6.970000e+00 6.340913e-18
7.000000e+00 6.187709e-18
7.030000e+00 5.294651e-18
7.060000e+00 5.260121e-18
7.090000e+00 6.564502e-18
7.120000e+00 5.225900e-18
7.150000e+00 4.543953e-18
7.180000e+00 5.434802e-18
7.210000e+00 5.430320e-18
7.240000e+00 5.246686e-18
7.270000e+00 5.026129e-18
7.300000e+00 5.505833e-18
7.330000e+00 6.786159e-18
7.360000e+00 6.800183e-18
7.390000e+00 6.302277e-18
7.420000e+00 5.391754e-18
7.450000e+00 5.073017e-18
7.480000e+00 4.942973e-18
7.510000e+00 5.092826e-18
7.540000e+00 4.869664e-18
7.570000e+00 4.276137e-18
7.600000e+00 4.829528e-18
7.630000e+00 5.820785e-18
7.660000e+00 6.029717e-18
7.690000e+00 5.672052e-18
7.720000e+00 6.192770e-18
7.750000e+00 5.951251e-18
7.780000e+00 6.473872e-18
7.810000e+00 6.635528e-18
7.840000e+00 6.521806e-18
7.870000e+00 6.039235e-18
7.900000e+00 5.634965e-18
7.930000e+00 5.667908e-18
7.960000e+00 4.969219e-18
7.990000e+00 4.427257e-18
8.020000e+00 4.158511e-18
8.050000e+00 3.807883e-18
8.080000e+00 3.343945e-18
8.110000e+00 3.187964e-18
8.140000e+00 2.821769e-18
8.170000e+00 2.618671e-18
8.200000e+00 2.889154e-18
8.230000e+00 2.974415e-18
8.260000e+00 3.316772e-18
8.290000e+00 3.375546e-18
8.320000e+00 3.859443e-18
8.350000e+00 4.045935e-18
8.380000e+00 4.214904e-18
8.410000e+00 4.207348e-18
8.440000e+00 4.588910e-18
8.470000e+00 5.258629e-18
8.500000e+00 5.807609e-18
8.530000e+00 6.687256e-18
8.560000e+00 6.973875e-18
8.590000e+00 7.130855e-18
8.620000e+00 7.820862e-18
8.650000e+00 7.753311e-18
8.680000e+00 6.703486e-18
8.710000e+00 6.049140e-18
8.740000e+00 5.549719e-18
8.770000e+00 4.831025e-18
8.800000e+00 4.323012e-18
8.830000e+00 3.796905e-18
8.860000e+00 3.377619e-18
8.890000e+00 3.203064e-18
8.920000e+00 2.944038e-18
8.950000e+00 2.798431e-18
8.980000e+00 2.601848e-18
9.010000e+00 2.675743e-18
9.040000e+00 3.036137e-18
9.070000e+00 3.247032e-18
9.100000e+00 4.452623e-18
9.130000e+00 4.981350e-18
9.160000e+00 5.479362e-18
9.190000e+00 6.259774e-18
9.220000e+00 6.781994e-18
9.250000e+00 6.611656e-18
9.280000e+00 6.530381e-18
9.310000e+00 6.859159e-18
9.340000e+00 7.268963e-18
9.370000e+00 6.951446e-18
9.400000e+00 6.908857e-18
9.430000e+00 6.515874e-18
9.460000e+00 5.930195e-18
9.490000e+00 5.019830e-18
9.520000e+00 4.581537e-18
9.550000e+00 3.758347e-18
9.580000e+00 3.238060e-18
9.610000e+00 3.017340e-18
9.640000e+00 3.083812e-18
9.670000e+00 2.920721e-18
9.700000e+00 2.990068e-18
9.730000e+00 3.033610e-18
9.760000e+00 2.956325e-18
9.790000e+00 3.252380e-18
9.820000e+00 3.613008e-18
9.850000e+00 4.007465e-18
9.880000e+00 4.945744e-18
9.910000e+00 5.376716e-18
9.940000e+00 5.749651e-18
9.970000e+00 6.342796e-18
1.000000e+01 6.574861e-18
1.003000e+01 6.006611e-18
1.006000e+01 6.199197e-18
1.009000e+01 6.087347e-18
1.012000e+01 6.184258e-18
1.015000e+01 5.852093e-18
1.018000e+01 5.743735e-18
1.021000e+01 5.181358e-18
1.024000e+01 5.205772e-18
1.027000e+01 5.324899e-18
1.030000e+01 4.820796e-18
1.033000e+01 4.727812e-18
1.036000e+01 4.945626e-18
1.039000e+01 5.390619e-18
1.042000e+01 5.671915e-18
1.045000e+01 6.025982e-18
1.048000e+01 6.209938e-18
1.051000e+01 6.190364e-18
1.054000e+01 6.183726e-18
1.057000e+01 5.565578e-18
1.060000e+01 5.412165e-18
1.063000e+01 4.940986e-18
1.066000e+01 5.243633e-18
1.069000e+01 4.778812e-18
1.072000e+01 5.246587e-18
1.075000e+01 5.418195e-18
1.078000e+01 4.927629e-18
1.081000e+01 4.653058e-18
1.084000e+01 4.401904e-18
1.087000e+01 4.557446e-18
1.090000e+01 4.809548e-18
1.093000e+01 5.528108e-18
1.096000e+01 5.847646e-18
1.099000e+01 5.848548e-18
1.102000e+01 6.002388e-18
1.105000e+01 5.734630e-18
1.108000e+01 5.677450e-18
1.111000e+01 5.611493e-18
1.114000e+01 5.873387e-18
1.117000e+01 5.496894e-18
1.120000e+01 5.989933e-18
1.123000e+01 5.947738e-18
1.126000e+01 5.862936e-18
1.129000e+01 6.280676e-18
1.132000e+01 6.308334e-18
1.135000e+01 6.368089e-18
1.138000e+01 5.867040e-18
1.141000e+01 6.059372e-18
1.144000e+01 5.381226e-18
1.147000e+01 5.679607e-18
1.150000e+01 5.226529e-18
1.153000e+01 4.716139e-18
1.156000e+01 4.460908e-18
1.159000e+01 4.350307e-18
1.162000e+01 4.394017e-18
1.165000e+01 4.910695e-18
1.168000e+01 5.122523e-18
1.171000e+01 5.616738e-18
1.174000e+01 6.345384e-18
1.177000e+01 6.961906e-18
1.180000e+01 6.738419e-18
1.183000e+01 5.912233e-18
1.186000e+01 6.086451e-18
1.189000e+01 5.447844e-18
1.192000e+01 5.051022e-18
1.195000e+01 4.412275e-18
1.198000e+01 4.188727e-18
1.201000e+01 4.333322e-18
1.204000e+01 4.178153e-18
1.207000e+01 4.368420e-18
1.210000e+01 5.402804e-18
1.213000e+01 6.314022e-18
1.216000e+01 6.605672e-18
1.219000e+01 6.687533e-18
1.222000e+01 6.800600e-18
1.225000e+01 6.221266e-18
1.228000e+01 4.879749e-18
1.231000e+01 4.486437e-18
1.234000e+01 3.879374e-18
1.237000e+01 3.584257e-18
1.240000e+01 3.756843e-18
1.243000e+01 4.058396e-18
1.246000e+01 3.993602e-18
1.249000e+01 4.406981e-18
1.252000e+01 6.018172e-18
1.255000e+01 6.696214e-18
1.258000e+01 7.491291e-18
1.261000e+01 7.935128e-18
1.264000e+01 8.578535e-18
1.267000e+01 8.968179e-18
1.270000e+01 9.235445e-18
1.273000e+01 9.604265e-18
1.276000e+01 1.096511e-17
1.279000e+01 1.322709e-17
1.282000e+01 1.594106e-17
1.285000e+01 1.231578e-17
1.288000e+01 1.119751e-17
1.291000e+01 1.041227e-17
1.294000e+01 1.008463e-17
1.297000e+01 9.746531e-18
1.300000e+01 9.849468e-18
1.303000e+01 9.507261e-18
1.306000e+01 9.354493e-18
1.309000e+01 9.293719e-18
1.312000e+01 9.634982e-18
1.315000e+01 9.388104e-18
1.318000e+01 8.347025e-18
1.321000e+01 8.461664e-18
1.324000e+01 8.209560e-18
1.327000e+01 8.108294e-18
1.330000e+01 7.500150e-18
1.333000e+01 6.402231e-18
1.336000e+01 5.819856e-18
1.339000e+01 5.297441e-18
1.342000e+01 4.899551e-18
1.345000e+01 4.435546e-18
1.348000e+01 4.498643e-18
1.351000e+01 4.633816e-18
1.354000e+01 5.498074e-18
1.357000e+01 6.618313e-18
1.360000e+01 7.088801e-18
1.363000e+01 6.827581e-18
1.366000e+01 7.956924e-18
1.369000e+01 8.755625e-18
1.372000e+01 8.588373e-18
1.375000e+01 7.448788e-18
1.378000e+01 7.936017e-18
1.381000e+01 8.350043e-18
1.384000e+01 8.571419e-18
1.387000e+01 8.482822e-18
1.390000e+01 8.000118e-18
1.393000e+01 6.909129e-18
1.396000e+01 6.299663e-18
1.399000e+01 6.158995e-18
1.402000e+01 6.299737e-18
1.405000e+01 6.595319e-18
1.408000e+01 7.149922e-18
1.411000e+01 7.824192e-18
1.414000e+01 8.075986e-18
1.417000e+01 8.652023e-18
1.420000e+01 8.943453e-18
1.423000e+01 9.176552e-18
1.426000e+01 9.484504e-18
1.429000e+01 8.726938e-18
1.432000e+01 9.258083e-18
1.435000e+01 8.808447e-18
1.438000e+01 8.446771e-18
1.441000e+01 8.198247e-18
1.444000e+01 7.400517e-18
1.447000e+01 5.980263e-18
1.450000e+01 6.097501e-18
1.453000e+01 5.309871e-18
1.456000e+01 5.759745e-18
1.459000e+01 6.177686e-18
1.462000e+01 6.564632e-18
1.465000e+01 6.765312e-18
1.468000e+01 6.289554e-18
1.471000e+01 6.716237e-18
1.474000e+01 6.958635e-18
1.477000e+01 6.827492e-18
1.480000e+01 6.984544e-18
1.483000e+01 7.570821e-18
1.486000e+01 8.519179e-18
1.489000e+01 9.845120e-18
1.492000e+01 1.068126e-17
1.495000e+01 1.177246e-17
1.498000e+01 1.425627e-17
1.501000e+01 1.330574e-17
1.504000e+01 1.222100e-17
1.507000e+01 1.129241e-17
1.510000e+01 1.043415e-17
1.513000e+01 1.003900e-17
1.516000e+01 9.533034e-18
1.519000e+01 9.391267e-18
1.522000e+01 9.142881e-18
1.525000e+01 8.870640e-18
1.528000e+01 9.062947e-18
1.531000e+01 8.808060e-18
1.534000e+01 8.959920e-18
1.537000e+01 9.189261e-18
1.540000e+01 8.252316e-18
1.543000e+01 6.437486e-18
1.546000e+01 5.367785e-18
1.549000e+01 4.787349e-18
1.552000e+01 4.572557e-18
1.555000e+01 4.135875e-18
1.558000e+01 3.957332e-18
1.561000e+01 3.981800e-18
1.564000e+01 3.995078e-18
1.567000e+01 4.178477e-18
1.570000e+01 4.347391e-18
1.573000e+01 5.111136e-18
1.576000e+01 6.345404e-18
1.579000e+01 7.168176e-18
1.582000e+01 9.030005e-18
1.585000e+01 1.076144e-17
1.588000e+01 1.066948e-17
1.591000e+01 1.080472e-17
1.594000e+01 1.012990e-17
1.597000e+01 9.932756e-18
1.600000e+01 1.014196e-17
1.603000e+01 1.123696e-17
1.606000e+01 1.180613e-17
1.609000e+01 1.231535e-17
1.612000e+01 1.333866e-17
1.615000e+01 1.257793e-17
1.618000e+01 1.193955e-17
1.621000e+01 1.124381e-17
1.624000e+01 1.102787e-17
1.627000e+01 1.030971e-17
1.630000e+01 9.455439e-18
1.633000e+01 8.737206e-18
1.636000e+01 7.625754e-18
1.639000e+01 6.893428e-18
1.642000e+01 6.466545e-18
1.645000e+01 6.194481e-18
1.648000e+01 5.507647e-18
1.651000e+01 5.389322e-18
1.654000e+01 5.046410e-18
1.657000e+01 5.174566e-18
1.660000e+01 5.242021e-18
1.663000e+01 5.601044e-18
1.666000e+01 6.414188e-18
1.669000e+01 6.542297e-18
1.672000e+01 6.981365e-18
1.675000e+01 7.129017e-18
1.678000e+01 7.919461e-18
1.681000e+01 9.446799e-18
1.684000e+01 1.060819e-17
1.687000e+01 1.215943e-17
1.690000e+01 1.311226e-17
1.693000e+01 1.292656e-17
1.696000e+01 1.310656e-17
1.699000e+01 1.341738e-17
1.702000e+01 1.377872e-17
1.705000e+01 1.351960e-17
1.708000e+01 1.314531e-17
1.711000e+01 1.277791e-17
1.714000e+01 1.280958e-17
1.717000e+01 1.317872e-17
1.720000e+01 1.374932e-17
1.723000e+01 1.502483e-17
1.726000e+01 1.750103e-17
1.729000e+01 2.119086e-17
1.732000e+01 1.661108e-17
1.735000e+01 1.379432e-17
1.738000e+01 1.268869e-17
1.741000e+01 1.205906e-17
1.744000e+01 1.162689e-17
1.747000e+01 1.149038e-17
1.750000e+01 1.134032e-17
1.753000e+01 1.109749e-17
1.756000e+01 1.068817e-17
1.759000e+01 1.045185e-17
1.762000e+01 9.602780e-18
1.765000e+01 8.205444e-18
1.768000e+01 6.748346e-18
1.771000e+01 6.348625e-18
1.774000e+01 5.623632e-18
1.777000e+01 5.311878e-18
1.780000e+01 5.466242e-18
1.783000e+01 5.992912e-18
1.786000e+01 6.700360e-18
1.789000e+01 8.420722e-18
1.792000e+01 9.619545e-18
1.795000e+01 1.145704e-17
1.798000e+01 1.273760e-17
