# Mass_keV   sin2(2theta)
2.194000e+00 5.787147e-09
2.206000e+00 4.536145e-09
2.218000e+00 4.451212e-09
2.242000e+00 3.039954e-09
2.266000e+00 1.979393e-09
2.292000e+00 1.493885e-09
2.316000e+00 1.074784e-09
2.340000e+00 3.884286e-09
2.364000e+00 5.894650e-09
2.388000e+00 5.889501e-09
2.412000e+00 5.428511e-09
2.436000e+00 3.120807e-09
2.460000e+00 1.717320e-09
2.486000e+00 4.496700e-10
2.510000e+00 4.330766e-10
2.534000e+00 3.106752e-10
2.558000e+00 3.662000e-10
2.582000e+00 3.204491e-10
2.606000e+00 7.287825e-10
2.630000e+00 1.822358e-09
2.654000e+00 2.595402e-09
2.680000e+00 2.846551e-09
2.704000e+00 2.732400e-09
2.728000e+00 2.381818e-09
2.752000e+00 1.791378e-09
2.776000e+00 8.944596e-10
2.800000e+00 6.509615e-10
2.824000e+00 4.648569e-10
2.848000e+00 2.955749e-10
2.872000e+00 3.402828e-10
2.896000e+00 5.939472e-10
2.922000e+00 4.189482e-10
2.946000e+00 1.107327e-09
2.958000e+00 9.175894e-10
2.970000e+00 1.686406e-09
2.982000e+00 1.350720e-09
2.994000e+00 1.609755e-09
3.018000e+00 1.350836e-09
3.042000e+00 1.115961e-09
3.066000e+00 5.140305e-10
3.090000e+00 3.187391e-10
3.116000e+00 2.611010e-10
3.140000e+00 2.308568e-10
3.164000e+00 3.771619e-10
3.188000e+00 1.869577e-10
3.236000e+00 2.948296e-10
3.284000e+00 4.103511e-10
3.334000e+00 2.568047e-10
3.382000e+00 1.729092e-10
3.430000e+00 1.095319e-10
3.454000e+00 1.068525e-10
3.504000e+00 1.461559e-10
3.528000e+00 1.932291e-10
3.552000e+00 2.167356e-10
3.600000e+00 2.826733e-10
3.648000e+00 3.337209e-10
3.696000e+00 4.973405e-10
3.722000e+00 6.273854e-10
3.746000e+00 6.088423e-10
3.794000e+00 5.255684e-10
3.842000e+00 5.318847e-10
3.890000e+00 5.105807e-10
3.916000e+00 4.495303e-10
3.940000e+00 3.968363e-10
3.988000e+00 2.837906e-10
4.000000e+00 2.293072e-10
4.036000e+00 1.837276e-10
4.084000e+00 1.473408e-10
4.134000e+00 1.737441e-10
4.182000e+00 2.732922e-10
4.206000e+00 1.589754e-10
4.230000e+00 1.583836e-10
4.278000e+00 7.582347e-11
4.304000e+00 7.295190e-11
4.328000e+00 4.294773e-11
4.352000e+00 3.314125e-11
4.400000e+00 3.081291e-11
4.420000e+00 3.566308e-11
4.450000e+00 4.705385e-11
4.480000e+00 5.362404e-11
4.510000e+00 7.529114e-11
4.540000e+00 1.074518e-10
4.570000e+00 2.151691e-11
4.600000e+00 2.205072e-11
4.630000e+00 2.795888e-11
4.660000e+00 3.158309e-11
4.690000e+00 4.306486e-11
4.720000e+00 5.112190e-11
4.750000e+00 6.803162e-11
4.780000e+00 1.006114e-10
4.810000e+00 1.134609e-10
4.840000e+00 2.239696e-10
4.870000e+00 2.699577e-10
4.900000e+00 3.269527e-10
4.930000e+00 3.575171e-10
4.960000e+00 3.450980e-10
4.990000e+00 3.272525e-10
5.020000e+00 3.162718e-10
5.050000e+00 2.688943e-10
5.080000e+00 2.676891e-10
5.110000e+00 1.978347e-10
5.140000e+00 1.342176e-10
5.170000e+00 1.152208e-10
5.200000e+00 8.065186e-11
5.230000e+00 8.247368e-11
5.260000e+00 7.177487e-11
5.290000e+00 6.730359e-11
5.320000e+00 7.195316e-11
5.350000e+00 7.533311e-11
5.380000e+00 7.938937e-11
5.410000e+00 7.270855e-11
5.440000e+00 8.232292e-11
5.470000e+00 9.555561e-11
5.500000e+00 1.132760e-10
5.530000e+00 1.017727e-10
5.560000e+00 9.072076e-11
5.590000e+00 9.005380e-11
5.620000e+00 8.534096e-11
5.650000e+00 1.003193e-10
5.680000e+00 1.179502e-10
5.710000e+00 1.332264e-10
5.740000e+00 1.646857e-10
5.770000e+00 1.907873e-10
5.800000e+00 2.005328e-10
5.830000e+00 2.055774e-10
5.860000e+00 1.820766e-10
5.890000e+00 1.737743e-10
5.920000e+00 1.555461e-10
5.950000e+00 1.334303e-10
5.980000e+00 1.135227e-10
6.010000e+00 7.719137e-11
6.040000e+00 5.414932e-11
6.070000e+00 3.815364e-11
6.100000e+00 3.274986e-11
6.130000e+00 3.139647e-11
6.160000e+00 3.251297e-11
6.190000e+00 4.345704e-11
6.220000e+00 5.782888e-11
6.250000e+00 1.091844e-10
6.280000e+00 1.386723e-10
6.310000e+00 1.511947e-10
6.340000e+00 1.543576e-10
6.370000e+00 1.559687e-10
6.400000e+00 1.524162e-10
6.430000e+00 1.571441e-10
6.460000e+00 1.446748e-10
6.490000e+00 1.292278e-10
6.520000e+00 9.011828e-11
6.550000e+00 5.826008e-11
6.580000e+00 4.524979e-11
6.610000e+00 2.817841e-11
6.640000e+00 2.414706e-11
6.670000e+00 2.239860e-11
6.700000e+00 2.213471e-11
6.730000e+00 2.480409e-11
6.760000e+00 2.443671e-11
6.790000e+00 3.006365e-11
6.820000e+00 3.648826e-11
6.850000e+00 4.433244e-11
6.880000e+00 7.016670e-11
6.910000e+00 8.989745e-11
6.940000e+00 9.047340e-11
6.970000e+00 9.005456e-11
7.000000e+00 8.502198e-11
7.030000e+00 6.172082e-11
7.060000e+00 6.040178e-11
7.090000e+00 9.327788e-11
7.120000e+00 5.861784e-11
7.150000e+00 4.394639e-11
7.180000e+00 6.234279e-11
7.210000e+00 6.172313e-11
7.240000e+00 5.714269e-11
7.270000e+00 5.200751e-11
7.300000e+00 6.189676e-11
7.330000e+00 9.326265e-11
7.360000e+00 9.288664e-11
7.390000e+00 7.913593e-11
7.420000e+00 5.745395e-11
7.450000e+00 5.045307e-11
7.480000e+00 4.751611e-11
7.510000e+00 5.003862e-11
7.540000e+00 4.538611e-11
7.570000e+00 3.471995e-11
7.600000e+00 4.393897e-11
7.630000e+00 6.332594e-11
7.660000e+00 6.742235e-11
7.690000e+00 5.919640e-11
7.720000e+00 7.001689e-11
7.750000e+00 6.416242e-11
7.780000e+00 7.534191e-11
7.810000e+00 7.854463e-11
7.840000e+00 7.529588e-11
7.870000e+00 6.407403e-11
7.900000e+00 5.535998e-11
7.930000e+00 5.558617e-11
7.960000e+00 4.240507e-11
7.990000e+00 3.340746e-11
8.020000e+00 2.925463e-11
8.050000e+00 2.434686e-11
8.080000e+00 1.863645e-11
8.110000e+00 1.681329e-11
8.140000e+00 1.307560e-11
8.170000e+00 1.117854e-11
8.200000e+00 1.350770e-11
8.230000e+00 1.421252e-11
8.260000e+00 1.754441e-11
8.290000e+00 1.804042e-11
8.320000e+00 2.341371e-11
8.350000e+00 2.554656e-11
8.380000e+00 2.752675e-11
8.410000e+00 2.723281e-11
8.440000e+00 3.216636e-11
8.470000e+00 4.194168e-11
8.500000e+00 5.079542e-11
8.530000e+00 6.687525e-11
8.560000e+00 7.222182e-11
8.590000e+00 7.498329e-11
8.620000e+00 8.956994e-11
8.650000e+00 8.741981e-11
8.680000e+00 6.489773e-11
8.710000e+00 5.248300e-11
8.740000e+00 4.387193e-11
8.770000e+00 3.301771e-11
8.800000e+00 2.625881e-11
8.830000e+00 2.011897e-11
8.860000e+00 1.581326e-11
8.890000e+00 1.412523e-11
8.920000e+00 1.185290e-11
8.950000e+00 1.063777e-11
8.980000e+00 9.134377e-12
9.010000e+00 9.596368e-12
9.040000e+00 1.227365e-11
9.070000e+00 1.394524e-11
9.100000e+00 2.605053e-11
9.130000e+00 3.239069e-11
9.160000e+00 3.893469e-11
9.190000e+00 5.048401e-11
9.220000e+00 5.887359e-11
9.250000e+00 5.559102e-11
9.280000e+00 5.388262e-11
9.310000e+00 5.906225e-11
9.340000e+00 6.590506e-11
9.370000e+00 5.988785e-11
9.400000e+00 5.877928e-11
9.430000e+00 5.195048e-11
9.460000e+00 4.275858e-11
9.490000e+00 3.044480e-11
9.520000e+00 2.520090e-11
9.550000e+00 1.685212e-11
9.580000e+00 1.243101e-11
9.610000e+00 1.072678e-11
9.640000e+00 1.113497e-11
9.670000e+00 9.926470e-12
9.700000e+00 1.033918e-11
9.730000e+00 1.057697e-11
9.760000e+00 9.983261e-12
9.790000e+00 1.200894e-11
9.820000e+00 1.472931e-11
9.850000e+00 1.801087e-11
9.880000e+00 2.726573e-11
9.910000e+00 3.202982e-11
9.940000e+00 3.640640e-11
9.970000e+00 4.403913e-11
1.000000e+01 4.703712e-11
1.003000e+01 3.902337e-11
1.006000e+01 4.131830e-11
1.009000e+01 3.960421e-11
1.012000e+01 4.063327e-11
1.015000e+01 3.617078e-11
1.018000e+01 3.463864e-11
1.021000e+01 2.802227e-11
1.024000e+01 2.812147e-11
1.027000e+01 2.925159e-11
1.030000e+01 2.383585e-11
1.033000e+01 2.279226e-11
1.036000e+01 2.479651e-11
1.039000e+01 2.928962e-11
1.042000e+01 3.223974e-11
1.045000e+01 3.618184e-11
1.048000e+01 3.820494e-11
1.051000e+01 3.774805e-11
1.054000e+01 3.745302e-11
1.057000e+01 3.016743e-11
1.060000e+01 2.836599e-11
1.063000e+01 2.350868e-11
1.066000e+01 2.632799e-11
1.069000e+01 2.174464e-11
1.072000e+01 2.606345e-11
1.075000e+01 2.764140e-11
1.078000e+01 2.273558e-11
1.081000e+01 2.016012e-11
1.084000e+01 1.794280e-11
1.087000e+01 1.912721e-11
1.090000e+01 2.118474e-11
1.093000e+01 2.783430e-11
1.096000e+01 3.097481e-11
1.099000e+01 3.081543e-11
1.102000e+01 3.228142e-11
1.105000e+01 2.930582e-11
1.108000e+01 2.856898e-11
1.111000e+01 2.775853e-11
1.114000e+01 3.024645e-11
1.117000e+01 2.635093e-11
1.120000e+01 3.112257e-11
1.123000e+01 3.052191e-11
1.126000e+01 2.949994e-11
1.129000e+01 3.367383e-11
1.132000e+01 3.379124e-11
1.135000e+01 3.425265e-11
1.138000e+01 2.892153e-11
1.141000e+01 3.068679e-11
1.144000e+01 2.407565e-11
1.147000e+01 2.667948e-11
1.150000e+01 2.247495e-11
1.153000e+01 1.820465e-11
1.156000e+01 1.620311e-11
1.159000e+01 1.532994e-11
1.162000e+01 1.555890e-11
1.165000e+01 1.933310e-11
1.168000e+01 2.092907e-11
1.171000e+01 2.503353e-11
1.174000e+01 3.178683e-11
1.177000e+01 3.806896e-11
1.180000e+01 3.548294e-11
1.183000e+01 2.717698e-11
1.186000e+01 2.865672e-11
1.189000e+01 2.284301e-11
1.192000e+01 1.953771e-11
1.195000e+01 1.483396e-11
1.198000e+01 1.330204e-11
1.201000e+01 1.416523e-11
1.204000e+01 1.310338e-11
1.207000e+01 1.425285e-11
1.210000e+01 2.169379e-11
1.213000e+01 2.948208e-11
1.216000e+01 3.210957e-11
1.219000e+01 3.274855e-11
1.222000e+01 3.369921e-11
1.225000e+01 2.806422e-11
1.228000e+01 1.718169e-11
1.231000e+01 1.445289e-11
1.234000e+01 1.075377e-11
1.237000e+01 9.135379e-12
1.240000e+01 9.987813e-12
1.243000e+01 1.159936e-11
1.246000e+01 1.117792e-11
1.249000e+01 1.354644e-11
1.252000e+01 2.514133e-11
1.255000e+01 3.097696e-11
1.258000e+01 3.858510e-11
1.261000e+01 4.308690e-11
1.264000e+01 5.011869e-11
1.267000e+01 5.451586e-11
1.270000e+01 5.754079e-11
1.273000e+01 6.193541e-11
1.276000e+01 8.035122e-11
1.279000e+01 1.163738e-10
1.282000e+01 1.682386e-10
1.285000e+01 9.995049e-11
1.288000e+01 8.223920e-11
1.291000e+01 7.077919e-11
1.294000e+01 6.608749e-11
1.297000e+01 6.144518e-11
1.300000e+01 6.246064e-11
1.303000e+01 5.792814e-11
1.306000e+01 5.582411e-11
1.309000e+01 5.484883e-11
1.312000e+01 5.868157e-11
1.315000e+01 5.545899e-11
1.318000e+01 4.364156e-11
1.321000e+01 4.464507e-11
1.324000e+01 4.183420e-11
1.327000e+01 4.062420e-11
1.330000e+01 3.460224e-11
1.333000e+01 2.509979e-11
1.336000e+01 2.064806e-11
1.339000e+01 1.703095e-11
1.342000e+01 1.450358e-11
1.345000e+01 1.183361e-11
1.348000e+01 1.211855e-11
1.351000e+01 1.280072e-11
1.354000e+01 1.794120e-11
1.357000e+01 2.588228e-11
1.360000e+01 2.956211e-11
1.363000e+01 2.730296e-11
1.366000e+01 3.691957e-11
1.369000e+01 4.450769e-11
1.372000e+01 4.263646e-11
1.375000e+01 3.193254e-11
1.378000e+01 3.608896e-11
1.381000e+01 3.977935e-11
1.384000e+01 4.173505e-11
1.387000e+01 4.070009e-11
1.390000e+01 3.604382e-11
1.393000e+01 2.676775e-11
1.396000e+01 2.215804e-11
1.399000e+01 2.108880e-11
1.402000e+01 2.196931e-11
1.405000e+01 2.397655e-11
1.408000e+01 2.805853e-11
1.411000e+01 3.345743e-11
1.414000e+01 3.549441e-11
1.417000e+01 4.056609e-11
1.420000e+01 4.316198e-11
1.423000e+01 4.524982e-11
1.426000e+01 4.813465e-11
1.429000e+01 4.058139e-11
1.432000e+01 4.548034e-11
1.435000e+01 4.099798e-11
1.438000e+01 3.754320e-11
1.441000e+01 3.521937e-11
1.444000e+01 2.857968e-11
1.447000e+01 1.858537e-11
1.450000e+01 1.924134e-11
1.453000e+01 1.453130e-11
1.456000e+01 1.702752e-11
1.459000e+01 1.950782e-11
1.462000e+01 2.193783e-11
1.465000e+01 2.320427e-11
1.468000e+01 1.997355e-11
1.471000e+01 2.268268e-11
1.474000e+01 2.425050e-11
1.477000e+01 2.325033e-11
1.480000e+01 2.423373e-11
1.483000e+01 2.835772e-11
1.486000e+01 3.576230e-11
1.489000e+01 4.756859e-11
1.492000e+01 5.576669e-11
1.495000e+01 6.747141e-11
1.498000e+01 9.854974e-11
1.501000e+01 8.550361e-11
1.504000e+01 7.184311e-11
1.507000e+01 6.109619e-11
1.510000e+01 5.195506e-11
1.513000e+01 4.790386e-11
1.516000e+01 4.302605e-11
1.519000e+01 4.159110e-11
1.522000e+01 3.926489e-11
1.525000e+01 3.681611e-11
1.528000e+01 3.827893e-11
1.531000e+01 3.601453e-11
1.534000e+01 3.712147e-11
1.537000e+01 3.889386e-11
1.540000e+01 3.124481e-11
1.543000e+01 1.893950e-11
1.546000e+01 1.311713e-11
1.549000e+01 1.039333e-11
1.552000e+01 9.445009e-12
1.555000e+01 7.697357e-12
1.558000e+01 7.020010e-12
1.561000e+01 7.079794e-12
1.564000e+01 7.099776e-12
1.567000e+01 7.736878e-12
1.570000e+01 8.343067e-12
1.573000e+01 1.148801e-11
1.576000e+01 1.763899e-11
1.579000e+01 2.242439e-11
1.582000e+01 3.545117e-11
1.585000e+01 5.015907e-11
1.588000e+01 4.911941e-11
1.591000e+01 5.018277e-11
1.594000e+01 4.394415e-11
1.597000e+01 4.209178e-11
1.600000e+01 4.371914e-11
1.603000e+01 5.346856e-11
1.606000e+01 5.880193e-11
1.609000e+01 6.374542e-11
1.612000e+01 7.450101e-11
1.615000e+01 6.599951e-11
1.618000e+01 5.924971e-11
1.621000e+01 5.235141e-11
1.624000e+01 5.017403e-11
1.627000e+01 4.369037e-11
1.630000e+01 3.661472e-11
1.633000e+01 3.114873e-11
1.636000e+01 2.364104e-11
1.639000e+01 1.924776e-11
1.642000e+01 1.687586e-11
1.645000e+01 1.542928e-11
1.648000e+01 1.215305e-11
1.651000e+01 1.159423e-11
1.654000e+01 1.012889e-11
1.657000e+01 1.061135e-11
1.660000e+01 1.085048e-11
1.663000e+01 1.234301e-11
1.666000e+01 1.612876e-11
1.669000e+01 1.671920e-11
1.672000e+01 1.897037e-11
1.675000e+01 1.971048e-11
1.678000e+01 2.423678e-11
1.681000e+01 3.436383e-11
1.684000e+01 4.317831e-11
1.687000e+01 5.652802e-11
1.690000e+01 6.550119e-11
1.693000e+01 6.343363e-11
1.696000e+01 6.498203e-11
1.699000e+01 6.786041e-11
1.702000e+01 7.131261e-11
1.705000e+01 6.841420e-11
1.708000e+01 6.445158e-11
1.711000e+01 6.068577e-11
1.714000e+01 6.077373e-11
1.717000e+01 6.410229e-11
1.720000e+01 6.953010e-11
1.723000e+01 8.274008e-11
1.726000e+01 1.118699e-10
1.729000e+01 1.634462e-10
1.732000e+01 1.000847e-10
1.735000e+01 6.878108e-11
1.738000e+01 5.799644e-11
1.741000e+01 5.220314e-11
1.744000e+01 4.836176e-11
1.747000e+01 4.707072e-11
1.750000e+01 4.569223e-11
1.753000e+01 4.360671e-11
1.756000e+01 4.031119e-11
1.759000e+01 3.841692e-11
1.762000e+01 3.231839e-11
1.765000e+01 2.351702e-11
1.768000e+01 1.585250e-11
1.771000e+01 1.398266e-11
1.774000e+01 1.093438e-11
1.777000e+01 9.722747e-12
1.780000e+01 1.026137e-11
1.783000e+01 1.229251e-11
1.786000e+01 1.531443e-11
1.789000e+01 2.410713e-11
1.792000e+01 3.135456e-11
1.795000e+01 4.432856e-11
1.798000e+01 5.460892e-11
