# Mass_keV   tau_s
2.194000e+00 2.109262e+28
2.206000e+00 2.623820e+28
2.218000e+00 2.607606e+28
2.242000e+00 3.632758e+28
2.266000e+00 5.311246e+28
2.292000e+00 6.676086e+28
2.316000e+00 8.840827e+28
2.340000e+00 2.331506e+28
2.364000e+00 1.465031e+28
2.388000e+00 1.398949e+28
2.412000e+00 1.448384e+28
2.436000e+00 2.404846e+28
2.460000e+00 4.173490e+28
2.486000e+00 1.517103e+29
2.510000e+00 1.505106e+29
2.534000e+00 2.004357e+29
2.558000e+00 1.625200e+29
2.582000e+00 1.775820e+29
2.606000e+00 7.468589e+28
2.630000e+00 2.857211e+28
2.654000e+00 1.919954e+28
2.680000e+00 1.669956e+28
2.704000e+00 1.666509e+28
2.728000e+00 1.832998e+28
2.752000e+00 2.337589e+28
2.776000e+00 4.492032e+28
2.800000e+00 5.924569e+28
2.824000e+00 7.963475e+28
2.848000e+00 1.202596e+29
2.872000e+00 1.003380e+29
2.896000e+00 5.523650e+28
2.922000e+00 7.501251e+28
2.946000e+00 2.728442e+28
2.958000e+00 3.228825e+28
2.970000e+00 1.722933e+28
2.982000e+00 2.109783e+28
2.994000e+00 1.736406e+28
3.018000e+00 1.990948e+28
3.042000e+00 2.319417e+28
3.066000e+00 4.847737e+28
3.090000e+00 7.528783e+28
3.116000e+00 8.826726e+28
3.140000e+00 9.620910e+28
3.164000e+00 5.676851e+28
3.188000e+00 1.104314e+29
3.236000e+00 6.513929e+28
3.284000e+00 4.357620e+28
3.334000e+00 6.469044e+28
3.382000e+00 8.960479e+28
3.430000e+00 1.320638e+29
3.454000e+00 1.308568e+29
3.504000e+00 8.920118e+28
3.528000e+00 6.525439e+28
3.552000e+00 5.627917e+28
3.600000e+00 4.040915e+28
3.648000e+00 3.205831e+28
3.696000e+00 2.016534e+28
3.722000e+00 1.544140e+28
3.746000e+00 1.541453e+28
3.794000e+00 1.676873e+28
3.842000e+00 1.557624e+28
3.890000e+00 1.526582e+28
3.916000e+00 1.678165e+28
3.940000e+00 1.844934e+28
3.988000e+00 2.431259e+28
4.000000e+00 2.964970e+28
4.036000e+00 3.541391e+28
4.084000e+00 4.167161e+28
4.134000e+00 3.328602e+28
4.182000e+00 1.999206e+28
4.206000e+00 3.341347e+28
4.230000e+00 3.261265e+28
4.278000e+00 6.444529e+28
4.304000e+00 6.501433e+28
4.328000e+00 1.074432e+29
4.352000e+00 1.354848e+29
4.400000e+00 1.380398e+29
4.420000e+00 1.166252e+29
4.450000e+00 8.548913e+28
4.480000e+00 7.256708e+28
4.510000e+00 5.001086e+28
4.540000e+00 3.391849e+28
4.570000e+00 1.639861e+29
4.600000e+00 1.549510e+29
4.630000e+00 1.183495e+29
4.660000e+00 1.014826e+29
4.690000e+00 7.210625e+28
4.720000e+00 5.885843e+28
4.750000e+00 4.286498e+28
4.780000e+00 2.809640e+28
4.810000e+00 2.415325e+28
4.840000e+00 1.186174e+28
4.870000e+00 9.542045e+27
4.900000e+00 7.640719e+27
4.930000e+00 6.777751e+27
4.960000e+00 6.812144e+27
4.990000e+00 6.970539e+27
5.020000e+00 6.999881e+27
5.050000e+00 7.991875e+27
5.080000e+00 7.793911e+27
5.110000e+00 1.024036e+28
5.140000e+00 1.465935e+28
5.170000e+00 1.658722e+28
5.200000e+00 2.302203e+28
5.230000e+00 2.187603e+28
5.260000e+00 2.442917e+28
5.290000e+00 2.532274e+28
5.320000e+00 2.302697e+28
5.350000e+00 2.138492e+28
5.380000e+00 1.973359e+28
5.410000e+00 2.095683e+28
5.440000e+00 1.800527e+28
5.470000e+00 1.509175e+28
5.500000e+00 1.238793e+28
5.530000e+00 1.341870e+28
5.560000e+00 1.465225e+28
5.590000e+00 1.436949e+28
5.620000e+00 1.476321e+28
5.650000e+00 1.222956e+28
5.680000e+00 1.013012e+28
5.710000e+00 8.735776e+27
5.740000e+00 6.884533e+27
5.770000e+00 5.790006e+27
5.800000e+00 5.367841e+27
5.830000e+00 5.102985e+27
5.860000e+00 5.615879e+27
5.890000e+00 5.736082e+27
5.920000e+00 6.247804e+27
5.950000e+00 7.101880e+27
5.980000e+00 8.140315e+27
6.010000e+00 1.167633e+28
6.040000e+00 1.623631e+28
6.070000e+00 2.248035e+28
6.100000e+00 2.555297e+28
6.130000e+00 2.600964e+28
6.160000e+00 2.451177e+28
6.190000e+00 1.789943e+28
6.220000e+00 1.313026e+28
6.250000e+00 6.789331e+27
6.280000e+00 5.219358e+27
6.310000e+00 4.674543e+27
6.340000e+00 4.471629e+27
6.370000e+00 4.322378e+27
6.400000e+00 4.320600e+27
6.430000e+00 4.093922e+27
6.460000e+00 4.344647e+27
6.490000e+00 4.752781e+27
6.520000e+00 6.660304e+27
6.550000e+00 1.006896e+28
6.580000e+00 1.267167e+28
6.610000e+00 1.989178e+28
6.640000e+00 2.269395e+28
6.670000e+00 2.392116e+28
6.700000e+00 2.367021e+28
6.730000e+00 2.065707e+28
6.760000e+00 2.050730e+28
6.790000e+00 1.630466e+28
6.820000e+00 1.314149e+28
6.850000e+00 1.058188e+28
6.880000e+00 6.541562e+27
6.910000e+00 4.996140e+27
6.940000e+00 4.858155e+27
6.970000e+00 4.776805e+27
7.000000e+00 4.952257e+27
7.030000e+00 6.677806e+27
7.060000e+00 6.680151e+27
7.090000e+00 4.235134e+27
7.120000e+00 6.598796e+27
7.150000e+00 8.619034e+27
7.180000e+00 5.950056e+27
7.210000e+00 5.886032e+27
7.240000e+00 6.227459e+27
7.270000e+00 6.702607e+27
7.300000e+00 5.517179e+27
7.330000e+00 3.587477e+27
7.360000e+00 3.529328e+27
7.390000e+00 4.059344e+27
7.420000e+00 5.479360e+27
7.450000e+00 6.115299e+27
7.480000e+00 6.364368e+27
7.510000e+00 5.924021e+27
7.540000e+00 6.402644e+27
7.570000e+00 8.205368e+27
7.600000e+00 6.357058e+27
7.630000e+00 4.325010e+27
7.660000e+00 3.983467e+27
7.690000e+00 4.449379e+27
7.720000e+00 3.689390e+27
7.750000e+00 3.948863e+27
7.780000e+00 3.298710e+27
7.810000e+00 3.104020e+27
7.840000e+00 3.176597e+27
7.870000e+00 3.662482e+27
7.900000e+00 4.159271e+27
7.930000e+00 4.064745e+27
7.960000e+00 5.228781e+27
7.990000e+00 6.513637e+27
8.020000e+00 7.300489e+27
8.050000e+00 8.610205e+27
8.080000e+00 1.104163e+28
8.110000e+00 1.201472e+28
8.140000e+00 1.516717e+28
8.170000e+00 1.741848e+28
8.200000e+00 1.415378e+28
8.230000e+00 1.320901e+28
8.260000e+00 1.050798e+28
8.290000e+00 1.003590e+28
8.320000e+00 7.594621e+27
8.350000e+00 6.836685e+27
8.380000e+00 6.232363e+27
8.410000e+00 6.188320e+27
8.440000e+00 5.146934e+27
8.470000e+00 3.878085e+27
8.500000e+00 3.146142e+27
8.530000e+00 2.348034e+27
8.560000e+00 2.136462e+27
8.590000e+00 2.022179e+27
8.620000e+00 1.663676e+27
8.650000e+00 1.675307e+27
8.680000e+00 2.218064e+27
8.710000e+00 2.695940e+27
8.740000e+00 3.170247e+27
8.770000e+00 4.141041e+27
8.800000e+00 5.118981e+27
8.830000e+00 6.568710e+27
8.860000e+00 8.217064e+27
8.890000e+00 9.045238e+27
8.920000e+00 1.059968e+28
8.950000e+00 1.161431e+28
8.980000e+00 1.330197e+28
9.010000e+00 1.245269e+28
9.040000e+00 9.576254e+27
9.070000e+00 8.290225e+27
9.100000e+00 4.365386e+27
9.130000e+00 3.453740e+27
9.160000e+00 2.826617e+27
9.190000e+00 2.144703e+27
9.220000e+00 1.809426e+27
9.250000e+00 1.885472e+27
9.280000e+00 1.914089e+27
9.310000e+00 1.718343e+27
9.340000e+00 1.515418e+27
9.370000e+00 1.641218e+27
9.400000e+00 1.645724e+27
9.430000e+00 1.832694e+27
9.460000e+00 2.191676e+27
9.490000e+00 3.029902e+27
9.520000e+00 3.603208e+27
9.550000e+00 5.304399e+27
9.580000e+00 7.079314e+27
9.610000e+00 8.077111e+27
9.640000e+00 7.661000e+27
9.670000e+00 8.461553e+27
9.700000e+00 7.999260e+27
9.730000e+00 7.699925e+27
9.760000e+00 8.033558e+27
9.790000e+00 6.577012e+27
9.820000e+00 5.281101e+27
9.850000e+00 4.253692e+27
9.880000e+00 2.767562e+27
9.910000e+00 2.320565e+27
9.940000e+00 2.011056e+27
9.970000e+00 1.637709e+27
1.000000e+01 1.510525e+27
1.003000e+01 1.793729e+27
1.006000e+01 1.669057e+27
1.009000e+01 1.715631e+27
1.012000e+01 1.647608e+27
1.015000e+01 1.823760e+27
1.018000e+01 1.876607e+27
1.021000e+01 2.285907e+27
1.024000e+01 2.244762e+27
1.027000e+01 2.126785e+27
1.030000e+01 2.572326e+27
1.033000e+01 2.651375e+27
1.036000e+01 2.402084e+27
1.039000e+01 2.004488e+27
1.042000e+01 1.795073e+27
1.045000e+01 1.576731e+27
1.048000e+01 1.472046e+27
1.051000e+01 1.468779e+27
1.054000e+01 1.459460e+27
1.057000e+01 1.786431e+27
1.060000e+01 1.873223e+27
1.063000e+01 2.228638e+27
1.066000e+01 1.962220e+27
1.069000e+01 2.342762e+27
1.072000e+01 1.927438e+27
1.075000e+01 1.792262e+27
1.078000e+01 2.148925e+27
1.081000e+01 2.390104e+27
1.084000e+01 2.648617e+27
1.087000e+01 2.450608e+27
1.090000e+01 2.182404e+27
1.093000e+01 1.638426e+27
1.096000e+01 1.452326e+27
1.099000e+01 1.440078e+27
1.102000e+01 1.356125e+27
1.105000e+01 1.473711e+27
1.108000e+01 1.491425e+27
1.111000e+01 1.514417e+27
1.114000e+01 1.371290e+27
1.117000e+01 1.553049e+27
1.120000e+01 1.297475e+27
1.123000e+01 1.305483e+27
1.126000e+01 1.332865e+27
1.129000e+01 1.152270e+27
1.132000e+01 1.133177e+27
1.135000e+01 1.103260e+27
1.138000e+01 1.289544e+27
1.141000e+01 1.199517e+27
1.144000e+01 1.509021e+27
1.147000e+01 1.344084e+27
1.150000e+01 1.574890e+27
1.153000e+01 1.919229e+27
1.156000e+01 2.128557e+27
1.159000e+01 2.220918e+27
1.162000e+01 2.160222e+27
1.165000e+01 1.716302e+27
1.168000e+01 1.565231e+27
1.171000e+01 1.291972e+27
1.174000e+01 1.004592e+27
1.177000e+01 8.282114e+26
1.180000e+01 8.773690e+26
1.183000e+01 1.131109e+27
1.186000e+01 1.059246e+27
1.189000e+01 1.312204e+27
1.192000e+01 1.515048e+27
1.195000e+01 1.970617e+27
1.198000e+01 2.170271e+27
1.201000e+01 2.012773e+27
1.204000e+01 2.148993e+27
1.207000e+01 1.951327e+27
1.210000e+01 1.266261e+27
1.213000e+01 9.203239e+26
1.216000e+01 8.346759e+26
1.219000e+01 8.084013e+26
1.222000e+01 7.760312e+26
1.225000e+01 9.205318e+26
1.228000e+01 1.485361e+27
1.231000e+01 1.744464e+27
1.234000e+01 2.316264e+27
1.237000e+01 2.693808e+27
1.240000e+01 2.434334e+27
1.243000e+01 2.071031e+27
1.246000e+01 2.123452e+27
1.249000e+01 1.731306e+27
1.252000e+01 9.217617e+26
1.255000e+01 7.392449e+26
1.258000e+01 5.864626e+26
1.261000e+01 5.189909e+26
1.264000e+01 4.409230e+26
1.267000e+01 4.005984e+26
1.270000e+01 3.750922e+26
1.273000e+01 3.444045e+26
1.276000e+01 2.623743e+26
1.279000e+01 1.790509e+26
1.282000e+01 1.224154e+26
1.285000e+01 2.036661e+26
1.288000e+01 2.446687e+26
1.291000e+01 2.810070e+26
1.294000e+01 2.974956e+26
1.297000e+01 3.163012e+26
1.300000e+01 3.075975e+26
1.303000e+01 3.278775e+26
1.306000e+01 3.363589e+26
1.309000e+01 3.384483e+26
1.312000e+01 3.127551e+26
1.315000e+01 3.271839e+26
1.318000e+01 4.110859e+26
1.321000e+01 3.973193e+26
1.324000e+01 4.192502e+26
1.327000e+01 4.268965e+26
1.330000e+01 4.955836e+26
1.333000e+01 6.755785e+26
1.336000e+01 8.120868e+26
1.339000e+01 9.736202e+26
1.342000e+01 1.130605e+27
1.345000e+01 1.370368e+27
1.348000e+01 1.323375e+27
1.351000e+01 1.239052e+27
1.354000e+01 8.743255e+26
1.357000e+01 5.994231e+26
1.360000e+01 5.190660e+26
1.363000e+01 5.558798e+26
1.366000e+01 4.066091e+26
1.369000e+01 3.336201e+26
1.372000e+01 3.444848e+26
1.375000e+01 4.549799e+26
1.378000e+01 3.982319e+26
1.381000e+01 3.573943e+26
1.384000e+01 3.369844e+26
1.387000e+01 3.418462e+26
1.390000e+01 3.818747e+26
1.393000e+01 5.087162e+26
1.396000e+01 6.079977e+26
1.399000e+01 6.320293e+26
1.402000e+01 6.002588e+26
1.405000e+01 5.441818e+26
1.408000e+01 4.600992e+26
1.411000e+01 3.817854e+26
1.414000e+01 3.560879e+26
1.417000e+01 3.082969e+26
1.420000e+01 2.867185e+26
1.423000e+01 2.706293e+26
1.426000e+01 2.517550e+26
1.429000e+01 2.955035e+26
1.432000e+01 2.609332e+26
1.435000e+01 2.864596e+26
1.438000e+01 3.095829e+26
1.441000e+01 3.266017e+26
1.444000e+01 3.983309e+26
1.447000e+01 6.062348e+26
1.450000e+01 5.795575e+26
1.453000e+01 7.595507e+26
1.456000e+01 6.415763e+26
1.459000e+01 5.542921e+26
1.462000e+01 4.878773e+26
1.465000e+01 4.565647e+26
1.468000e+01 5.250374e+26
1.471000e+01 4.576520e+26
1.474000e+01 4.237426e+26
1.477000e+01 4.375182e+26
1.480000e+01 4.155430e+26
1.483000e+01 3.515484e+26
1.486000e+01 2.759688e+26
1.489000e+01 2.054012e+26
1.492000e+01 1.734583e+26
1.495000e+01 1.419403e+26
1.498000e+01 9.621308e+25
1.501000e+01 1.097939e+26
1.504000e+01 1.293776e+26
1.507000e+01 1.506330e+26
1.510000e+01 1.753902e+26
1.513000e+01 1.883519e+26
1.516000e+01 2.076466e+26
1.519000e+01 2.127063e+26
1.522000e+01 2.231050e+26
1.525000e+01 2.356227e+26
1.528000e+01 2.244114e+26
1.531000e+01 2.362028e+26
1.534000e+01 2.269364e+26
1.537000e+01 2.144979e+26
1.540000e+01 2.644291e+26
1.543000e+01 4.320260e+26
1.546000e+01 6.177871e+26
1.549000e+01 7.722014e+26
1.552000e+01 8.415866e+26
1.555000e+01 1.022783e+27
1.558000e+01 1.110758e+27
1.561000e+01 1.090879e+27
1.564000e+01 1.077458e+27
1.567000e+01 9.793445e+26
1.570000e+01 8.995794e+26
1.573000e+01 6.471309e+26
1.576000e+01 4.174873e+26
1.579000e+01 3.253000e+26
1.582000e+01 2.038307e+26
1.585000e+01 1.427099e+26
1.588000e+01 1.443649e+26
1.591000e+01 1.399841e+26
1.594000e+01 1.583649e+26
1.597000e+01 1.637936e+26
1.600000e+01 1.562301e+26
1.603000e+01 1.265573e+26
1.606000e+01 1.140122e+26
1.609000e+01 1.041979e+26
1.612000e+01 8.833197e+25
1.615000e+01 9.879141e+25
1.618000e+01 1.090338e+26
1.621000e+01 1.222682e+26
1.624000e+01 1.264053e+26
1.627000e+01 1.438361e+26
1.630000e+01 1.700650e+26
1.633000e+01 1.980865e+26
1.636000e+01 2.586189e+26
1.639000e+01 3.147644e+26
1.642000e+01 3.557511e+26
1.645000e+01 3.855848e+26
1.648000e+01 4.851108e+26
1.651000e+01 5.039094e+26
1.654000e+01 5.716203e+26
1.657000e+01 5.407307e+26
1.660000e+01 5.240734e+26
1.663000e+01 4.565795e+26
1.666000e+01 3.462899e+26
1.669000e+01 3.310824e+26
1.672000e+01 2.891967e+26
1.675000e+01 2.758648e+26
1.678000e+01 2.223567e+26
1.681000e+01 1.554397e+26
1.684000e+01 1.226149e+26
1.687000e+01 9.283196e+25
1.690000e+01 7.940927e+25
1.693000e+01 8.127684e+25
1.696000e+01 7.864406e+25
1.699000e+01 7.464870e+25
1.702000e+01 7.041396e+25
1.705000e+01 7.275652e+25
1.708000e+01 7.655692e+25
1.711000e+01 8.060049e+25
1.714000e+01 7.978512e+25
1.717000e+01 7.498667e+25
1.720000e+01 6.853482e+25
1.723000e+01 5.709542e+25
1.726000e+01 4.186428e+25
1.729000e+01 2.840719e+25
1.732000e+01 4.599262e+25
1.735000e+01 6.635080e+25
1.738000e+01 7.801526e+25
1.741000e+01 8.593232e+25
1.744000e+01 9.196653e+25
1.747000e+01 9.368415e+25
1.750000e+01 9.568991e+25
1.753000e+01 9.941525e+25
1.756000e+01 1.066314e+26
1.759000e+01 1.109427e+26
1.762000e+01 1.307640e+26
1.765000e+01 1.781882e+26
1.768000e+01 2.621157e+26
1.771000e+01 2.946705e+26
1.774000e+01 3.736581e+26
1.777000e+01 4.167040e+26
1.780000e+01 3.915306e+26
1.783000e+01 3.241088e+26
1.786000e+01 2.579867e+26
1.789000e+01 1.625270e+26
1.792000e+01 1.239222e+26
1.795000e+01 8.692632e+25
1.798000e+01 6.997813e+25
