
12.229 1.8585e-12
13.135 1.7242e-12
14.525 1.4493e-12
16.063 1.2351e-12
17.762 1.0624e-12
19.643 8.8744e-13
21.720 7.6333e-13
24.019 6.5049e-13
26.561 5.5188e-13
29.367 4.8899e-13
31.308 4.4396e-13
34.931 3.9705e-13
41.159 3.5086e-13
45.497 3.3165e-13
50.303 2.9529e-13
55.618 2.6187e-13
61.483 2.4459e-13
67.966 2.2815e-13
75.148 2.0126e-13
83.093 1.7542e-13
89.801 1.5909e-13
104.40 1.3381e-13
125.29 1.1433e-13
138.49 1.0764e-13
153.12 9.6993e-14
169.28 8.8569e-14
187.14 8.0447e-14
206.92 7.0777e-14
228.77 6.3607e-14
252.93 5.7468e-14
279.62 5.2198e-14
