0.72499 9.2842e-12
0.80161 8.1681e-12
0.87427 7.3346e-12
0.98107 6.5882e-12
1.1071 6.4454e-12
1.2080 6.2355e-12
1.3352 5.9412e-12
1.4766 4.9988e-12
1.6328 4.2519e-12
1.8055 3.6816e-12
1.9964 3.2272e-12
2.2146 2.9602e-12
2.4396 2.8032e-12
2.6970 2.5768e-12
3.1206 2.2841e-12
3.4496 2.1448e-12
3.8129 2.0627e-12
4.2148 1.9368e-12
4.6593 1.7970e-12
5.1503 1.7077e-12
5.7336 1.6064e-12
6.3966 1.5421e-12
6.9546 1.5393e-12
7.6860 1.5365e-12
8.4935 1.5708e-12
9.3850 1.6469e-12
10.370 1.7360e-12
11.457 1.8917e-12
12.661 1.9237e-12
13.993 1.8723e-12
15.407 1.9248e-12
16.385 2.6565e-12
