# m_a_keV   g_irreducible [GeV^-1]
2.217999999999999972e+00 3.654123919140219651e-13
2.266000000000000014e+00 3.121070093451041762e-13
2.315999999999999837e+00 4.036360614777430810e-13
2.363999999999999879e+00 5.562138545426643942e-13
2.411999999999999922e+00 5.837452578066049755e-13
2.459999999999999964e+00 5.761914315355182812e-13
2.509999999999999787e+00 4.811425712600136086e-13
2.557999999999999829e+00 4.173360943393786403e-13
2.605999999999999872e+00 3.938973645411907542e-13
2.653999999999999915e+00 4.716970832484827294e-13
2.704000000000000181e+00 3.859994667106657345e-13
2.751999999999999780e+00 3.526189689090189361e-13
2.799999999999999822e+00 4.399842510184445096e-13
2.847999999999999865e+00 4.509148791658460328e-13
2.895999999999999908e+00 4.726711982428795879e-13
2.946000000000000174e+00 4.421566127013451411e-13
2.970000000000000195e+00 4.026589513748449332e-13
2.994000000000000217e+00 3.991961587137249488e-13
3.041999999999999815e+00 4.029798345603192248e-13
3.089999999999999858e+00 3.195026776242796991e-13
3.140000000000000124e+00 2.827902639162590727e-13
3.188000000000000167e+00 2.485138492019060338e-13
3.236000000000000210e+00 3.544111279950832638e-13
3.283999999999999808e+00 3.511075097654112570e-13
3.334000000000000075e+00 3.097288525373388419e-13
3.382000000000000117e+00 2.729210425906666473e-13
3.430000000000000160e+00 2.529548090630424908e-13
3.454000000000000181e+00 2.553014697976972727e-13
3.504000000000000004e+00 2.719571597542727217e-13
3.528000000000000025e+00 2.876978101823246666e-13
3.552000000000000046e+00 2.854874065556970005e-13
3.600000000000000089e+00 2.883021851308495549e-13
3.648000000000000131e+00 3.097911399521481846e-13
3.696000000000000174e+00 3.641781497133918754e-13
3.721999999999999975e+00 3.616267238459360499e-13
3.745999999999999996e+00 3.072965669361120678e-13
3.794000000000000039e+00 2.985659069694280883e-13
3.842000000000000082e+00 2.956967014452167615e-13
3.890000000000000124e+00 2.946549728928383767e-13
3.915999999999999925e+00 2.955393566049348026e-13
3.939999999999999947e+00 2.980630675543564674e-13
3.987999999999999989e+00 2.708363115483572072e-13
4.000000000000000000e+00 2.617984564486266665e-13
4.035999999999999588e+00 2.582134877551946713e-13
4.083999999999999631e+00 2.811491884029308021e-13
4.134000000000000341e+00 2.969991806200779101e-13
4.182000000000000384e+00 3.371006070313809832e-13
4.206000000000000405e+00 3.366473156555919499e-13
4.230000000000000426e+00 3.297267718734539882e-13
4.277999999999999581e+00 3.201908207431564002e-13
4.304000000000000270e+00 3.114387071259843637e-13
4.328000000000000291e+00 2.386898933170149286e-13
4.352000000000000313e+00 1.835133268761859011e-13
4.400000000000000355e+00 1.584280734487529289e-13
4.419999999999999929e+00 1.551925024579315689e-13
4.450000000000000178e+00 1.449255686704171230e-13
4.480000000000000426e+00 1.417824123622730214e-13
4.509999999999999787e+00 1.427073858932018734e-13
4.540000000000000036e+00 1.429946317062747517e-13
4.570000000000000284e+00 1.441066301119573533e-13
4.599999999999999645e+00 1.452344036592496189e-13
4.629999999999999893e+00 1.547857504603964758e-13
4.660000000000000142e+00 1.601454361374428119e-13
4.690000000000000391e+00 1.727008090029495933e-13
4.719999999999999751e+00 1.801745804961254145e-13
4.750000000000000000e+00 1.936214657030127140e-13
4.780000000000000249e+00 2.144497212729257577e-13
4.809999999999999609e+00 2.217127780738790463e-13
4.839999999999999858e+00 2.620021780368367433e-13
4.870000000000000107e+00 2.748621710552304832e-13
4.900000000000000355e+00 2.890349973792326589e-13
4.929999999999999716e+00 2.962454161647117762e-13
4.959999999999999964e+00 2.939759235196836501e-13
4.990000000000000213e+00 2.903942345378234236e-13
5.019999999999999574e+00 2.882738061389848983e-13
5.049999999999999822e+00 2.769858520605865155e-13
5.080000000000000071e+00 2.770654053949926394e-13
5.110000000000000320e+00 2.573971377294218117e-13
5.139999999999999680e+00 2.351401069840801386e-13
5.169999999999999929e+00 2.267408198588892226e-13
5.200000000000000178e+00 2.066817244151917080e-13
5.230000000000000426e+00 2.081784248567264786e-13
5.259999999999999787e+00 2.011308532375547093e-13
5.290000000000000036e+00 1.981296732038975844e-13
5.320000000000000284e+00 2.018163400611086695e-13
5.349999999999999645e+00 2.044917308944610815e-13
5.379999999999999893e+00 2.075648070846811513e-13
5.410000000000000142e+00 2.031754416944278988e-13
5.440000000000000391e+00 2.100976253323517196e-13
5.469999999999999751e+00 2.187874786397687760e-13
5.500000000000000000e+00 2.292687185392021379e-13
5.530000000000000249e+00 2.230864351213638935e-13
5.559999999999999609e+00 2.166748293915178089e-13
5.589999999999999858e+00 2.165401579291679532e-13
5.620000000000000107e+00 2.137789524938633387e-13
5.650000000000000355e+00 2.234234051565724135e-13
5.679999999999999716e+00 2.332482012981472960e-13
5.709999999999999964e+00 2.401608846145347378e-13
5.740000000000000213e+00 2.528211269351751796e-13
5.769999999999999574e+00 2.623461005184763518e-13
5.799999999999999822e+00 2.659089785926439549e-13
5.830000000000000071e+00 2.678737562170950299e-13
5.860000000000000320e+00 2.602787573685081481e-13
5.889999999999999680e+00 2.576310136905541416e-13
5.919999999999999929e+00 2.511140370620695968e-13
5.950000000000000178e+00 2.424192370822405753e-13
5.980000000000000426e+00 2.337761264409848002e-13
6.009999999999999787e+00 2.116831219318130783e-13
6.040000000000000036e+00 1.935022983317294515e-13
6.070000000000000284e+00 1.777366977011831587e-13
6.099999999999999645e+00 1.715914397875352943e-13
6.129999999999999893e+00 1.700868924327771598e-13
6.160000000000000142e+00 1.716690686630852565e-13
6.190000000000000391e+00 1.842619820288143737e-13
6.219999999999999751e+00 1.981230731231726042e-13
6.250000000000000000e+00 2.339078841099961516e-13
6.280000000000000249e+00 2.475757026145816849e-13
6.309999999999999609e+00 2.530208234228199039e-13
6.339999999999999858e+00 2.545615153675032739e-13
6.370000000000000107e+00 2.554760805575762651e-13
6.400000000000000355e+00 2.543277613791153992e-13
6.429999999999999716e+00 2.564893081453454372e-13
6.459999999999999964e+00 2.516864280465062133e-13
6.490000000000000213e+00 2.452631671433058843e-13
6.519999999999999574e+00 2.250454664743008711e-13
6.549999999999999822e+00 2.009761375875410783e-13
6.580000000000000071e+00 1.887678584950283750e-13
6.610000000000000320e+00 1.686127569489572437e-13
6.639999999999999680e+00 1.628908393260835259e-13
6.669999999999999929e+00 1.598081814991640902e-13
6.700000000000000178e+00 1.594771474708499535e-13
6.730000000000000426e+00 1.643605973436320318e-13
6.759999999999999787e+00 1.639555123069371352e-13
6.790000000000000036e+00 1.721740629299747175e-13
6.820000000000000284e+00 1.805047200576473263e-13
6.849999999999999645e+00 1.895395393912949328e-13
6.879999999999999893e+00 2.133877452449763070e-13
6.910000000000000142e+00 2.281483040141557186e-13
6.940000000000000391e+00 2.287853134480724206e-13
6.969999999999999751e+00 2.287438698200291622e-13
7.000000000000000000e+00 2.254800011525059305e-13
7.030000000000000249e+00 2.074355295281394867e-13
7.059999999999999609e+00 2.064868932847961386e-13
7.089999999999999858e+00 2.317599169759764945e-13
7.120000000000000107e+00 2.053053433097485919e-13
7.150000000000000355e+00 1.909961514575020772e-13
7.179999999999999716e+00 2.090303773713385329e-13
7.209999999999999964e+00 2.086964159971586854e-13
7.240000000000000213e+00 2.047715634751796659e-13
7.269999999999999574e+00 2.000756399206561117e-13
7.299999999999999822e+00 2.094720542313548153e-13
7.330000000000000071e+00 2.333755272907786634e-13
7.360000000000000320e+00 2.333611887170475426e-13
7.389999999999999680e+00 2.241714911030603313e-13
7.419999999999999929e+00 2.062641846060404851e-13
7.450000000000000178e+00 1.996794317892484402e-13
7.480000000000000426e+00 1.968416410229848809e-13
7.509999999999999787e+00 1.996368904065055402e-13
7.540000000000000036e+00 1.949347462420173505e-13
7.570000000000000284e+00 1.825574129257598450e-13
7.599999999999999645e+00 1.937067382038787999e-13
7.629999999999999893e+00 2.129878372736550540e-13
7.660000000000000142e+00 2.167362223395349016e-13
7.690000000000000391e+00 2.096633210471084396e-13
7.719999999999999751e+00 2.193307045857655829e-13
7.750000000000000000e+00 2.145353596920251079e-13
7.780000000000000249e+00 2.240784123465524759e-13
7.809999999999999609e+00 2.268058448841841670e-13
7.839999999999999858e+00 2.244684676306312922e-13
7.870000000000000107e+00 2.152625882992197600e-13
7.900000000000000355e+00 2.073841518976908804e-13
7.929999999999999716e+00 2.077932349298968173e-13
7.959999999999999964e+00 1.940654329401184983e-13
7.990000000000000213e+00 1.830706335766330398e-13
8.019999999999999574e+00 1.774281337628938599e-13
8.050000000000000711e+00 1.700191026919425542e-13
8.080000000000000071e+00 1.595140238972416420e-13
8.109999999999999432e+00 1.553360372730415946e-13
8.140000000000000568e+00 1.455515734522831729e-13
8.169999999999999929e+00 1.399298090050927783e-13
8.199999999999999289e+00 1.470358326738886977e-13
8.230000000000000426e+00 1.491260660422235016e-13
8.259999999999999787e+00 1.577967018661332272e-13
8.289999999999999147e+00 1.591158506493963405e-13
8.320000000000000284e+00 1.696544312912270547e-13
8.349999999999999645e+00 1.732946671904014733e-13
8.380000000000000782e+00 1.765347511727658042e-13
8.410000000000000142e+00 1.762177575625853549e-13
8.439999999999999503e+00 1.836023669796013994e-13
8.470000000000000639e+00 1.963044052939911826e-13
8.500000000000000000e+00 2.063419761119163453e-13
8.529999999999999361e+00 2.219829748077897668e-13
8.560000000000000497e+00 2.267847978095108426e-13
8.589999999999999858e+00 2.292774870242722658e-13
8.619999999999999218e+00 2.392594924808575969e-13
8.650000000000000355e+00 2.380883101890843924e-13
8.679999999999999716e+00 2.211411053733819286e-13
8.710000000000000853e+00 2.092942992851758673e-13
8.740000000000000213e+00 1.999996373483649284e-13
8.769999999999999574e+00 1.863640332008293454e-13
8.800000000000000711e+00 1.764072761023358210e-13
8.830000000000000071e+00 1.658536114977804022e-13
8.859999999999999432e+00 1.560979061396471585e-13
8.890000000000000568e+00 1.516278896602881405e-13
8.919999999999999929e+00 1.449635428515085288e-13
8.949999999999999289e+00 1.411003814331439345e-13
8.980000000000000426e+00 1.358645387492497551e-13
9.009999999999999787e+00 1.376674043317673014e-13
9.039999999999999147e+00 1.467392220645509758e-13
9.070000000000000284e+00 1.518410844649802589e-13
9.099999999999999645e+00 1.773563324740210326e-13
9.130000000000000782e+00 1.871606642995902511e-13
9.160000000000000142e+00 1.961278023126204753e-13
9.189999999999999503e+00 2.098269949175723330e-13
9.220000000000000639e+00 2.186464916997643436e-13
9.250000000000000000e+00 2.155264153453670019e-13
9.279999999999999361e+00 2.139296430433118192e-13
9.310000000000000497e+00 2.193441622452316097e-13
9.339999999999999858e+00 2.260234574914643906e-13
9.369999999999999218e+00 2.204950564038521539e-13
9.400000000000000355e+00 2.195736607400925041e-13
9.429999999999999716e+00 2.127017569779176733e-13
9.460000000000000853e+00 2.023745957597216324e-13
9.490000000000000213e+00 1.859257986827107298e-13
9.519999999999999574e+00 1.776906055563254697e-13
9.550000000000000711e+00 1.616972953645029088e-13
9.580000000000000071e+00 1.492644102394326773e-13
9.609999999999999432e+00 1.437661093146340694e-13
9.640000000000000568e+00 1.452650730282039036e-13
9.669999999999999929e+00 1.411401581003470216e-13
9.699999999999999289e+00 1.427234591904090720e-13
9.730000000000000426e+00 1.436642078629475881e-13
9.759999999999999787e+00 1.416517524479614630e-13
9.789999999999999147e+00 1.486891325667118686e-13
9.820000000000000284e+00 1.570352666803966827e-13
9.849999999999999645e+00 1.654232781029937747e-13
9.880000000000000782e+00 1.826010520632024622e-13
9.910000000000000142e+00 1.901317306179066163e-13
9.939999999999999503e+00 1.964890178189112024e-13
9.970000000000000639e+00 2.064533236750306571e-13
1.000000000000000000e+01 2.101673937421513385e-13
1.002999999999999936e+01 2.004052509336189621e-13
1.006000000000000050e+01 2.035012308947328135e-13
1.008999999999999986e+01 2.014339148498188966e-13
1.011999999999999922e+01 2.028999730274538209e-13
1.015000000000000036e+01 1.970906687094777209e-13
1.017999999999999972e+01 1.950710846652075036e-13
1.021000000000000085e+01 1.851515428062845442e-13
1.024000000000000021e+01 1.854300743443960703e-13
1.026999999999999957e+01 1.873607402579953202e-13
1.030000000000000071e+01 1.783375083350661272e-13
1.033000000000000007e+01 1.765400908684653458e-13
1.035999999999999943e+01 1.802694481862180728e-13
1.039000000000000057e+01 1.878958211351712287e-13
1.041999999999999993e+01 1.925689493390183004e-13
1.044999999999999929e+01 1.983927277559970567e-13
1.048000000000000043e+01 2.012977932670633668e-13
1.050999999999999979e+01 2.008081269083874448e-13
1.053999999999999915e+01 2.005343116497262306e-13
1.057000000000000028e+01 1.899930882651000577e-13
1.059999999999999964e+01 1.872264482664058596e-13
1.063000000000000078e+01 1.789381292335688098e-13
1.066000000000000014e+01 1.840460360611096996e-13
1.068999999999999950e+01 1.758300062081231208e-13
1.072000000000000064e+01 1.838142471891594548e-13
1.075000000000000000e+01 1.866041026668720240e-13
1.077999999999999936e+01 1.780326848942718529e-13
1.081000000000000050e+01 1.731040780010057534e-13
1.083999999999999986e+01 1.685413080257905752e-13
1.086999999999999922e+01 1.711711759204257269e-13
1.090000000000000036e+01 1.754575692093471939e-13
1.092999999999999972e+01 1.876052685054722949e-13
1.096000000000000085e+01 1.927904925004385572e-13
1.099000000000000021e+01 1.926580165474879846e-13
1.101999999999999957e+01 1.950438847432052988e-13
1.105000000000000071e+01 1.904808979275556235e-13
1.108000000000000007e+01 1.893892825227157494e-13
1.110999999999999943e+01 1.881520723186382029e-13
1.114000000000000057e+01 1.923381633540776047e-13
1.116999999999999993e+01 1.859661445560543971e-13
1.119999999999999929e+01 1.939554541822471009e-13
1.123000000000000043e+01 1.931222177076376786e-13
1.125999999999999979e+01 1.915934926444330921e-13
1.128999999999999915e+01 1.982183202840256325e-13
1.132000000000000028e+01 1.985130199870343486e-13
1.134999999999999964e+01 1.993196121932549397e-13
1.138000000000000078e+01 1.910964266059299565e-13
1.141000000000000014e+01 1.940726699896199400e-13
1.143999999999999950e+01 1.828404167978329747e-13
1.147000000000000064e+01 1.876246079617240303e-13
1.150000000000000000e+01 1.800109743882975538e-13
1.152999999999999936e+01 1.712863859537794931e-13
1.156000000000000050e+01 1.667997811811814216e-13
1.158999999999999986e+01 1.647814846269910056e-13
1.161999999999999922e+01 1.654279401723355128e-13
1.165000000000000036e+01 1.741121556284556446e-13
1.167999999999999972e+01 1.775360254315833994e-13
1.171000000000000085e+01 1.855404190205008077e-13
1.174000000000000021e+01 1.970689846660280613e-13
1.176999999999999957e+01 2.065153942494055280e-13
1.180000000000000071e+01 2.029194751140314544e-13
1.183000000000000007e+01 1.897809776625804753e-13
1.185999999999999943e+01 1.924216740264133260e-13
1.189000000000000057e+01 1.820314664518872530e-13
1.191999999999999993e+01 1.753983988757838228e-13
1.194999999999999929e+01 1.645706479620240684e-13
1.198000000000000043e+01 1.601971525810705472e-13
1.200999999999999979e+01 1.630201981977883036e-13
1.203999999999999915e+01 1.597430887112336179e-13
1.207000000000000028e+01 1.634130588549884261e-13
1.209999999999999964e+01 1.804470269495440929e-13
1.213000000000000078e+01 1.947842454279493578e-13
1.216000000000000014e+01 1.991596788202861969e-13
1.218999999999999950e+01 2.002766374509079449e-13
1.222000000000000064e+01 2.018630285171615789e-13
1.225000000000000000e+01 1.928096422213101329e-13
1.227999999999999936e+01 1.712230956519606517e-13
1.231000000000000050e+01 1.645901229435473393e-13
1.233999999999999986e+01 1.524544040814282032e-13
1.236999999999999922e+01 1.461672647609834545e-13
1.240000000000000036e+01 1.496853652854273809e-13
1.242999999999999972e+01 1.557948038698017554e-13
1.246000000000000085e+01 1.543565419253639535e-13
1.249000000000000021e+01 1.625819907847240001e-13
1.251999999999999957e+01 1.884717493291956044e-13
1.255000000000000071e+01 1.987323134289467485e-13
1.258000000000000007e+01 2.104228453265161804e-13
1.260999999999999943e+01 2.167221548163471041e-13
1.264000000000000057e+01 2.257326880213310606e-13
1.266999999999999993e+01 2.310189596587729972e-13
1.269999999999999929e+01 2.339819622234314762e-13
1.273000000000000043e+01 2.380875783526181666e-13
1.275999999999999979e+01 2.533147641843082337e-13
1.278999999999999915e+01 2.777378411348958102e-13
1.282000000000000028e+01 3.056441072999733557e-13
1.284999999999999964e+01 2.676103764043444431e-13
1.288000000000000078e+01 2.552330024305053684e-13
1.291000000000000014e+01 2.463398612157472800e-13
1.293999999999999950e+01 2.425038184042219541e-13
1.297000000000000064e+01 2.385311661189634547e-13
1.300000000000000000e+01 2.395506278692244689e-13
1.302999999999999936e+01 2.355237925803960064e-13
1.306000000000000050e+01 2.336421190524659453e-13
1.308999999999999986e+01 2.328094653365241834e-13
1.311999999999999922e+01 2.365461545714683689e-13
1.315000000000000036e+01 2.336064623535183282e-13
1.317999999999999972e+01 2.196455433441284192e-13
1.321000000000000085e+01 2.210902156339110670e-13
1.324000000000000021e+01 2.174241757230314935e-13
1.326999999999999957e+01 2.158573816110455097e-13
1.330000000000000071e+01 2.070952662288322944e-13
1.333000000000000007e+01 1.909299609148720139e-13
1.335999999999999943e+01 1.820358439181586884e-13
1.339000000000000057e+01 1.738832805498439798e-13
1.341999999999999993e+01 1.675427171673499827e-13
1.344999999999999929e+01 1.594769306304156079e-13
1.348000000000000043e+01 1.605807297571687878e-13
1.350999999999999979e+01 1.630379249033084668e-13
1.353999999999999915e+01 1.764547099473821881e-13
1.357000000000000028e+01 1.931468833070617743e-13
1.359999999999999964e+01 1.998589350114307735e-13
1.363000000000000078e+01 1.959552244318152213e-13
1.366000000000000014e+01 2.118881174575760780e-13
1.368999999999999950e+01 2.227240947553195913e-13
1.372000000000000064e+01 2.203041961639133884e-13
1.375000000000000000e+01 2.043498630401916562e-13
1.377999999999999936e+01 2.110475761708295346e-13
1.381000000000000050e+01 2.166197248161015613e-13
1.383999999999999986e+01 2.194963842302487512e-13
1.386999999999999922e+01 2.181494121087342287e-13
1.390000000000000036e+01 2.113922982515713007e-13
1.392999999999999972e+01 1.959064082289990615e-13
1.396000000000000085e+01 1.869475914676426636e-13
1.399000000000000021e+01 1.847676945796432831e-13
1.401999999999999957e+01 1.867240967423119329e-13
1.405000000000000071e+01 1.909122884194605254e-13
1.408000000000000007e+01 1.987299417366944617e-13
1.410999999999999943e+01 2.080324912443102579e-13
1.414000000000000057e+01 2.113627401898439146e-13
1.416999999999999993e+01 2.190311259729809091e-13
1.419999999999999929e+01 2.227805681359789553e-13
1.423000000000000043e+01 2.257206940347979902e-13
1.425999999999999979e+01 2.296112451105450248e-13
1.428999999999999915e+01 2.194782780539682685e-13
1.432000000000000028e+01 2.263598447680053763e-13
1.434999999999999964e+01 2.202864423533389635e-13
1.438000000000000078e+01 2.153213249519144146e-13
1.441000000000000014e+01 2.118408055852742670e-13
1.443999999999999950e+01 2.007857652385800322e-13
1.447000000000000064e+01 1.804413890982472187e-13
1.450000000000000000e+01 1.820483664532509213e-13
1.452999999999999936e+01 1.703181798612228320e-13
1.456000000000000050e+01 1.769046131913822295e-13
1.458999999999999986e+01 1.829001969951184952e-13
1.461999999999999922e+01 1.883469170015611051e-13
1.465000000000000036e+01 1.910831451293171101e-13
1.467999999999999972e+01 1.842005213181618289e-13
1.471000000000000085e+01 1.901705043981002806e-13
1.474000000000000021e+01 1.934664790024562394e-13
1.476999999999999957e+01 1.915180321732282020e-13
1.480000000000000071e+01 1.936051755653714475e-13
1.483000000000000007e+01 2.015794418864209149e-13
1.485999999999999943e+01 2.141906105062292821e-13
1.489000000000000057e+01 2.311811020936683053e-13
1.491999999999999993e+01 2.398749127390149338e-13
1.494999999999999929e+01 2.510223406633320896e-13
1.498000000000000043e+01 2.756672995885188752e-13
1.500999999999999979e+01 2.661700138181975010e-13
1.503999999999999915e+01 2.551690209498016686e-13
1.507000000000000028e+01 2.455683836073881137e-13
1.509999999999999964e+01 2.365471981160594872e-13
1.513000000000000078e+01 2.322845353021882714e-13
1.516000000000000014e+01 2.260077094549092658e-13
1.518999999999999950e+01 2.240697387291728696e-13
1.522000000000000064e+01 2.207570809638877902e-13
1.525000000000000000e+01 2.171158286251766665e-13
1.527999999999999936e+01 2.194599279321989766e-13
1.531000000000000050e+01 2.160420754511284911e-13
1.533999999999999986e+01 2.178684546682618168e-13
1.536999999999999922e+01 2.206726893772869750e-13
1.540000000000000036e+01 2.084166105214947666e-13
1.542999999999999972e+01 1.837295981045427753e-13
1.546000000000000085e+01 1.683808867618442645e-13
1.549000000000000021e+01 1.591325067052713005e-13
1.551999999999999957e+01 1.551910658900532528e-13
1.555000000000000071e+01 1.471297923446618237e-13
1.558000000000000007e+01 1.437233104338753051e-13
1.560999999999999943e+01 1.440965470317534400e-13
1.564000000000000057e+01 1.442601937971629709e-13
1.566999999999999993e+01 1.475691652750615996e-13
1.569999999999999929e+01 1.505697896551053256e-13
1.573000000000000043e+01 1.638669058843909340e-13
1.575999999999999979e+01 1.813386477111419353e-13
1.578999999999999915e+01 1.924916592766473662e-13
1.582000000000000028e+01 2.166836385341696575e-13
1.584999999999999964e+01 2.368243879539825624e-13
1.588000000000000078e+01 2.357699606836589412e-13
1.591000000000000014e+01 2.370209809129084965e-13
1.593999999999999950e+01 2.298406622902430080e-13
1.597000000000000064e+01 2.272891551076242209e-13
1.600000000000000000e+01 2.297154640443752444e-13
1.603000000000000114e+01 2.408831258917364109e-13
1.605999999999999872e+01 2.464196584956423141e-13
1.608999999999999986e+01 2.513003707579388917e-13
1.612000000000000099e+01 2.610839401119050633e-13
1.614999999999999858e+01 2.535977951614357261e-13
1.617999999999999972e+01 2.472253697875978111e-13
1.621000000000000085e+01 2.402183608822040799e-13
1.623999999999999844e+01 2.379456427357128095e-13
1.626999999999999957e+01 2.305359340384036498e-13
1.630000000000000071e+01 2.199815647024361154e-13
1.632999999999999829e+01 2.108979156134451425e-13
1.635999999999999943e+01 1.965249184633478054e-13
1.639000000000000057e+01 1.867407256931324798e-13
1.642000000000000171e+01 1.808896795915157132e-13
1.644999999999999929e+01 1.770862577128550702e-13
1.648000000000000043e+01 1.674702246995922464e-13
1.651000000000000156e+01 1.657235614471909174e-13
1.653999999999999915e+01 1.603558662265953447e-13
1.657000000000000028e+01 1.624417492337130758e-13
1.660000000000000142e+01 1.634055643074712211e-13
1.662999999999999901e+01 1.683664939780045447e-13
1.666000000000000014e+01 1.794417818002699210e-13
1.669000000000000128e+01 1.810772194623013933e-13
1.671999999999999886e+01 1.868376127097712410e-13
1.675000000000000000e+01 1.886875326665746329e-13
1.678000000000000114e+01 1.988362613122338972e-13
1.680999999999999872e+01 2.177917202595042057e-13
1.683999999999999986e+01 2.314975400502354063e-13
1.687000000000000099e+01 2.465092542526711354e-13
1.689999999999999858e+01 2.554583402995295264e-13
1.692999999999999972e+01 2.535766532190723092e-13
1.696000000000000085e+01 2.551496814935500594e-13
1.698999999999999844e+01 2.579415020877002838e-13
1.701999999999999957e+01 2.611831175056332253e-13
1.705000000000000071e+01 2.586390506604231452e-13
1.707999999999999829e+01 2.550082608726764814e-13
1.710999999999999943e+01 2.514248778249217463e-13
1.714000000000000057e+01 2.516009116001519240e-13
1.717000000000000171e+01 2.549448214930589233e-13
1.719999999999999929e+01 2.601297066748463092e-13
1.723000000000000043e+01 2.716745353529609211e-13
1.726000000000000156e+01 2.934951611713501236e-13
1.728999999999999915e+01 3.245543008065427226e-13
1.732000000000000028e+01 2.854082462445793618e-13
1.735000000000000142e+01 2.599044636735124456e-13
1.737999999999999901e+01 2.494952419033863576e-13
1.741000000000000014e+01 2.434347008369910541e-13
1.744000000000000128e+01 2.392064885471505652e-13
1.746999999999999886e+01 2.377906560351560571e-13
1.750000000000000000e+01 2.362440551886325906e-13
1.753000000000000114e+01 2.338036922812207490e-13
1.755999999999999872e+01 2.295021066093573036e-13
1.758999999999999986e+01 2.266402465548645409e-13
1.762000000000000099e+01 2.165362412488203037e-13
1.764999999999999858e+01 1.994586746744035636e-13
1.767999999999999972e+01 1.808618427007371731e-13
1.771000000000000085e+01 1.755429907880120471e-13
1.773999999999999844e+01 1.657855236013484892e-13
1.776999999999999957e+01 1.611857958845787114e-13
1.780000000000000071e+01 1.635063951095123982e-13
1.782999999999999829e+01 1.705115473186856975e-13
1.785999999999999943e+01 1.797266288160362257e-13
1.789000000000000057e+01 2.013116439498170710e-13
1.792000000000000171e+01 2.156223536851051159e-13
1.794999999999999929e+01 2.357607991753015396e-13
1.798000000000000043e+01 2.476246407901428047e-13
