19899 2.4704e-19
19357 1.8648e-19
18714 1.7571e-19
17569 2.4514e-19
17377 2.1572e-19
17086 2.0674e-19
16420 2.1952e-19
15912 2.4740e-19
15468 2.4535e-19
15076 2.6272e-19
14899 3.2241e-19
14443 3.1702e-19
13730 2.7433e-19
13423 2.7204e-19
12971 3.0661e-19
12631 4.7375e-19
12316 4.3882e-19
12104 5.1606e-19
11701 4.8627e-19
11444 4.1008e-19
11326 2.7703e-19
11136 2.7006e-19
10945 3.0176e-19
10845 4.0328e-19
10751 4.3548e-19
10388 5.1220e-19
10049 3.7367e-19
9964.3 3.7052e-19
9654.0 4.5477e-19
9491.2 4.5872e-19
9435.0 5.1252e-19
9255.7 3.9688e-19
9071.5 4.4726e-19
8938.9 5.6313e-19
8714.4 5.5369e-19
8617.4 5.2611e-19
8548.3 4.3987e-19
8381.6 4.1798e-19
8285.5 4.5523e-19
8211.0 5.6827e-19
8091.0 7.1547e-19
7700.0 4.0076e-19
7479.2 5.5425e-19
7352.7 5.6868e-19
7272.8 4.8364e-19
7110.7 4.6352e-19
6908.5 5.7870e-19
6688.4 9.5733e-19
6362.6 6.3595e-19
6177.9 1.0167e-18
6028.8 6.6389e-19
5745.3 6.7553e-19
5626.3 1.0617e-18
5449.2 1.4936e-18
5343.7 1.3485e-18
5237.4 1.5068e-18
4975.7 1.7130e-18
4927.6 2.8093e-18
4740.2 1.9809e-18
4543.5 1.9150e-18
4386.3 3.1680e-18
4435.2 3.5091e-18
3925.4 4.0946e-18
3585.4 4.1321e-18
3467.5 3.3395e-18
3315.0 2.9393e-18
3171.3 1.9692e-18
3003.7 2.4174e-18
2951.0 3.2309e-18
2873.1 5.4831e-18
2763.9 3.8008e-18
2685.8 4.3946e-18
2609.9 5.0812e-18
2586.1 6.7331e-18
2471.1 7.2106e-18
2450.6 6.7355e-18
2341.5 7.4635e-18
2315.0 7.7231e-18
2238.3 6.8554e-18
2181.6 7.4036e-18
2077.4 1.0417e-17
1902.2 1.2049e-17
1869.5 1.3930e-17
1785.8 1.7099e-17
1696.9 1.7698e-17
1667.8 2.0288e-17
1667.3 2.2667e-17
1575.4 2.3462e-17
