1.100000e+00 4.470634e+22
1.110722e+00 5.619970e+26
1.121549e+00 5.787617e+26
1.132482e+00 5.960264e+26
1.143521e+00 6.138061e+26
1.154667e+00 6.321162e+26
1.165923e+00 6.509725e+26
1.177287e+00 6.703913e+26
1.188763e+00 6.903894e+26
1.200351e+00 7.109840e+26
1.212051e+00 7.321930e+26
1.223866e+00 7.540346e+26
1.235796e+00 7.765278e+26
1.247842e+00 7.996920e+26
1.260005e+00 8.235471e+26
1.272287e+00 8.481139e+26
1.284689e+00 8.734135e+26
1.297212e+00 8.994678e+26
1.309856e+00 9.262994e+26
1.322624e+00 9.539313e+26
1.335517e+00 9.823875e+26
1.348535e+00 1.011693e+27
1.361680e+00 1.041872e+27
1.374953e+00 1.602737e+27
1.388356e+00 1.647909e+27
1.401889e+00 1.631477e+27
1.415554e+00 1.571903e+27
1.429352e+00 1.561750e+27
1.443285e+00 1.703941e+27
1.457353e+00 1.859078e+27
1.471559e+00 2.028340e+27
1.485903e+00 2.350604e+27
1.500387e+00 3.038481e+27
1.515012e+00 3.399068e+27
1.529780e+00 3.666857e+27
1.544692e+00 4.103813e+27
1.559749e+00 4.332063e+27
1.574953e+00 4.366921e+27
1.590305e+00 4.315498e+27
1.605806e+00 4.111183e+27
1.621459e+00 3.916540e+27
1.637265e+00 3.774443e+27
1.653224e+00 3.774218e+27
1.669339e+00 3.773993e+27
1.685611e+00 3.773768e+27
1.702042e+00 3.773544e+27
1.718633e+00 3.773319e+27
1.735385e+00 3.503840e+27
1.752301e+00 3.190394e+27
1.769382e+00 2.904989e+27
1.786629e+00 2.645115e+27
1.804044e+00 2.502465e+27
1.821629e+00 3.126931e+27
1.839386e+00 3.907227e+27
1.857316e+00 3.815281e+27
1.875420e+00 3.483805e+27
1.893701e+00 3.181128e+27
1.912160e+00 3.242664e+27
1.930799e+00 3.486852e+27
1.949620e+00 3.749429e+27
1.968624e+00 4.031779e+27
1.987813e+00 4.335391e+27
2.007190e+00 4.414313e+27
2.026755e+00 3.725660e+27
2.046511e+00 3.144440e+27
2.066459e+00 3.130836e+27
2.086602e+00 3.674227e+27
2.106942e+00 4.311930e+27
2.127480e+00 5.060314e+27
2.148217e+00 5.938587e+27
2.169157e+00 6.969296e+27
2.190301e+00 8.178894e+27
2.211652e+00 9.598433e+27
2.233210e+00 1.095301e+28
2.254978e+00 1.236242e+28
2.276959e+00 1.395319e+28
2.299154e+00 1.468642e+28
2.321565e+00 1.477116e+28
2.344195e+00 1.360444e+28
2.367045e+00 1.197440e+28
2.390118e+00 1.081443e+28
2.413416e+00 1.030242e+28
2.436941e+00 9.814657e+27
2.460696e+00 1.004757e+28
2.484681e+00 1.324130e+28
2.508901e+00 1.278666e+28
2.533357e+00 1.234763e+28
2.558051e+00 1.192368e+28
2.582986e+00 1.105453e+28
2.608164e+00 8.186097e+27
2.633587e+00 6.061967e+27
2.659259e+00 6.133583e+27
2.685180e+00 9.393456e+27
2.711354e+00 1.423066e+28
2.737783e+00 1.943718e+28
2.764470e+00 2.654860e+28
2.791417e+00 3.626183e+28
2.818627e+00 3.164302e+28
2.846102e+00 2.738342e+28
2.873844e+00 2.054793e+28
2.901857e+00 1.357048e+28
2.930144e+00 8.490215e+27
2.958705e+00 7.927243e+27
2.987546e+00 1.049829e+28
3.016667e+00 1.390320e+28
3.046072e+00 2.148516e+28
3.075764e+00 3.756118e+28
3.105746e+00 5.620157e+28
3.136019e+00 6.712172e+28
3.166588e+00 7.861562e+28
3.197455e+00 8.171723e+28
3.228622e+00 8.494120e+28
3.260094e+00 8.277193e+28
3.291872e+00 7.368266e+28
3.323960e+00 6.450996e+28
3.356360e+00 4.685416e+28
3.389077e+00 3.403059e+28
3.422112e+00 2.471672e+28
3.455470e+00 2.284153e+28
3.489152e+00 2.127371e+28
3.523163e+00 2.053618e+28
3.557505e+00 2.023868e+28
3.592183e+00 1.994550e+28
3.627198e+00 1.447293e+28
3.662554e+00 7.924182e+27
3.698256e+00 5.069172e+27
3.734305e+00 6.406138e+27
3.770705e+00 8.095722e+27
3.807461e+00 8.399423e+27
3.844574e+00 8.419290e+27
3.882050e+00 8.439205e+27
3.919890e+00 7.879974e+27
3.958100e+00 7.175049e+27
3.996682e+00 6.007384e+27
4.035640e+00 4.442844e+27
4.074978e+00 3.285766e+27
4.114699e+00 2.430034e+27
4.154808e+00 2.100548e+27
4.195307e+00 2.105112e+27
4.236201e+00 2.109686e+27
4.277494e+00 2.061950e+27
4.319189e+00 2.007687e+27
4.361291e+00 1.954852e+27
4.403803e+00 1.903407e+27
4.446730e+00 1.853316e+27
4.490075e+00 6.534124e+27
4.533842e+00 1.048107e+28
4.578037e+00 1.562756e+28
4.622661e+00 2.236397e+28
4.667721e+00 2.700949e+28
4.713220e+00 2.648959e+28
4.759163e+00 2.597970e+28
4.805554e+00 2.375097e+28
4.852396e+00 2.102231e+28
4.899696e+00 1.808988e+28
4.947456e+00 1.556651e+28
4.995682e+00 1.322582e+28
5.044378e+00 9.052574e+27
5.093548e+00 2.649576e+28
5.143198e+00 2.933647e+28
5.193332e+00 2.787353e+28
5.243955e+00 2.692121e+28
5.295071e+00 2.600143e+28
5.346685e+00 2.961235e+28
5.398802e+00 3.528127e+28
5.451428e+00 2.526220e+28
5.504566e+00 2.341156e+28
5.558223e+00 2.452802e+28
5.612402e+00 2.751185e+28
5.667109e+00 3.314674e+28
5.722350e+00 4.716595e+28
5.778129e+00 9.124248e+28
5.834452e+00 1.106877e+29
5.891324e+00 1.070961e+29
5.948751e+00 1.036211e+29
6.006737e+00 1.028568e+29
6.065288e+00 1.125573e+29
6.124410e+00 8.381679e+28
6.184109e+00 3.714098e+28
6.244389e+00 3.576151e+28
6.305257e+00 3.660377e+28
6.366718e+00 6.669667e+28
6.428778e+00 1.070604e+29
6.491443e+00 8.930507e+28
6.554719e+00 5.784812e+28
6.618612e+00 4.072628e+28
6.683128e+00 3.420403e+28
6.748272e+00 3.097092e+28
6.814052e+00 3.138044e+28
6.880473e+00 4.031359e+28
6.947541e+00 6.002695e+28
7.015263e+00 8.734066e+28
7.083645e+00 1.028155e+29
7.152693e+00 1.188128e+29
7.222415e+00 1.172529e+29
7.292816e+00 1.104793e+29
7.363904e+00 8.905208e+28
7.435684e+00 6.716187e+28
7.508165e+00 6.673722e+28
7.581351e+00 7.336046e+28
7.655251e+00 1.086905e+29
7.729872e+00 1.337805e+29
7.805219e+00 1.042008e+29
7.881302e+00 8.034447e+28
7.958125e+00 5.768227e+28
8.035698e+00 3.895044e+28
8.114027e+00 3.138077e+28
8.193119e+00 3.118837e+28
8.272983e+00 3.967071e+28
8.353625e+00 6.822028e+28
8.435052e+00 9.233747e+28
8.517274e+00 8.586153e+28
8.600297e+00 6.868224e+28
8.684129e+00 5.052883e+28
8.768779e+00 4.484184e+28
8.854254e+00 4.404042e+28
8.940561e+00 4.009326e+28
9.027710e+00 3.984416e+28
9.115709e+00 4.648429e+28
9.204565e+00 7.245530e+28
9.294288e+00 7.578504e+28
9.384885e+00 5.102169e+28
9.476365e+00 4.099718e+28
9.568737e+00 4.229522e+28
9.662009e+00 4.732724e+28
9.756191e+00 5.129002e+28
9.851291e+00 5.495831e+28
9.947317e+00 6.435102e+28
1.004428e+01 7.310383e+28
1.014219e+01 6.473927e+28
1.024105e+01 4.458786e+28
1.034088e+01 3.426674e+28
1.044167e+01 3.112081e+28
1.054346e+01 2.968452e+28
1.064623e+01 3.127198e+28
1.075000e+01 3.486240e+28
1.085479e+01 3.905879e+28
1.096060e+01 7.423888e+28
1.106744e+01 8.770449e+28
1.117532e+01 9.232047e+28
1.128425e+01 9.068265e+28
1.139425e+01 5.771498e+28
1.150531e+01 3.396393e+28
1.161746e+01 2.864869e+28
1.173071e+01 2.488241e+28
1.184505e+01 2.342120e+28
1.196051e+01 2.204580e+28
1.207710e+01 2.075117e+28
1.219482e+01 1.962607e+28
1.231369e+01 2.317491e+28
1.243372e+01 2.456476e+28
1.255492e+01 1.860450e+28
1.267730e+01 2.531473e+28
1.280087e+01 2.868412e+28
1.292565e+01 3.155649e+28
1.305165e+01 4.581759e+28
1.317887e+01 5.040336e+28
1.330733e+01 5.363974e+28
1.343705e+01 5.708393e+28
1.356803e+01 5.477413e+28
1.370028e+01 4.948388e+28
1.383383e+01 4.476856e+28
1.396867e+01 4.050441e+28
1.410483e+01 3.664641e+28
1.424232e+01 3.391457e+28
1.438115e+01 3.140412e+28
1.452133e+01 2.962026e+28
1.466288e+01 2.821949e+28
1.480581e+01 2.688497e+28
1.495013e+01 2.561356e+28
1.509586e+01 3.463491e+28
1.524301e+01 3.859684e+28
1.539159e+01 4.293442e+28
1.554162e+01 4.123543e+28
1.569311e+01 3.957631e+28
1.584609e+01 3.798975e+28
1.600055e+01 3.954397e+28
1.615651e+01 4.116975e+28
1.631400e+01 4.420290e+28
1.647302e+01 4.615863e+28
1.663360e+01 4.570451e+28
1.679573e+01 4.525487e+28
1.695945e+01 4.480964e+28
1.712477e+01 4.436880e+28
1.729169e+01 4.178059e+28
1.746024e+01 3.166627e+28
1.763044e+01 2.994231e+28
1.780229e+01 3.172512e+28
1.797582e+01 3.455958e+28
1.815105e+01 3.913029e+28
1.832798e+01 4.330826e+28
1.850663e+01 4.608906e+28
1.868702e+01 4.730460e+28
1.886918e+01 4.567007e+28
1.905311e+01 4.188953e+28
1.923883e+01 3.762099e+28
1.942636e+01 3.378741e+28
1.961572e+01 2.347826e+28
1.980693e+01 2.001710e+28
2.000000e+01 2.138642e+28
