3.406221568584442139e-01 3.156221508979797363e-01 3.656221628189086914e-01
3.675204813480377197e-01 3.425204753875732422e-01 3.925204873085021973e-01
5.003388524055480957e-01 4.753388464450836182e-01 5.253388285636901855e-01
5.610532164573669434e-01 5.360532402992248535e-01 5.860531926155090332e-01
5.686206817626953125e-01 5.436207056045532227e-01 5.936206579208374023e-01
5.739415287971496582e-01 5.489415526390075684e-01 5.989415049552917480e-01
6.536578536033630371e-01 6.286578774452209473e-01 6.786578297615051270e-01
7.035124897956848145e-01 6.785125136375427246e-01 7.285124659538269043e-01
7.271127104759216309e-01 7.021127343177795410e-01 7.521126866340637207e-01
7.388557195663452148e-01 7.138557434082031250e-01 7.638556957244873047e-01
7.714517116546630859e-01 7.464517354965209961e-01 7.964516878128051758e-01
7.746813297271728516e-01 7.496813535690307617e-01 7.996813058853149414e-01
8.257626295089721680e-01 8.007626533508300781e-01 8.507626056671142578e-01
8.726069331169128418e-01 8.476069569587707520e-01 8.976069092750549316e-01
9.171475172042846680e-01 8.921475410461425781e-01 9.421474933624267578e-01
1.009280323982238770e+00 9.842803478240966797e-01 1.034280300140380859e+00
