9.605934285714285537e+00 9.449999999999999289e+00 9.800000000000000711e+00
8.908402857142856845e+00 8.800000000000000711e+00 9.150000000000000355e+00
8.218334285714286480e+00 8.150000000000000355e+00 8.349999999999999645e+00
8.613928571428571601e+00 7.450000000000000178e+00 8.750000000000000000e+00
8.060725714285714716e+00 7.799999999999999822e+00 8.150000000000000355e+00
7.472862857142856363e+00 7.200000000000000178e+00 7.599999999999999645e+00
7.037527142857142870e+00 6.900000000000000355e+00 7.200000000000000178e+00
6.920342857142856907e+00 6.799999999999999822e+00 7.099999999999999645e+00
6.399244285714286384e+00 6.200000000000000178e+00 6.599999999999999645e+00
5.887205714285713931e+00 5.700000000000000178e+00 6.000000000000000000e+00
5.424601428571428130e+00 5.299999999999999822e+00 5.599999999999999645e+00
4.511870000000000047e+00 4.490000000000000213e+00 4.530000000000000249e+00
3.686714285714285833e+00 3.600000000000000089e+00 3.799999999999999822e+00
1.485849999999999893e+00 1.469999999999999973e+00 1.500000000000000000e+00
