# Mass_keV   gagg_GeV-1
1.100000e+00 3.334716e-14
1.110722e+00 2.931279e-16
1.121549e+00 2.846787e-16
1.132482e+00 2.764731e-16
1.143521e+00 2.685040e-16
1.154667e+00 2.607646e-16
1.165923e+00 2.532483e-16
1.177287e+00 2.459487e-16
1.188763e+00 2.388594e-16
1.200351e+00 2.319745e-16
1.212051e+00 2.252880e-16
1.223866e+00 2.187943e-16
1.235796e+00 2.124878e-16
1.247842e+00 2.063630e-16
1.260005e+00 2.004147e-16
1.272287e+00 1.946380e-16
1.284689e+00 1.890277e-16
1.297212e+00 1.835791e-16
1.309856e+00 1.782876e-16
1.322624e+00 1.731487e-16
1.335517e+00 1.681578e-16
1.348535e+00 1.633108e-16
1.361680e+00 1.586035e-16
1.374953e+00 1.260287e-16
1.388356e+00 1.224940e-16
1.401889e+00 1.213310e-16
1.415554e+00 1.218232e-16
1.429352e+00 1.204531e-16
1.443285e+00 1.136520e-16
1.457353e+00 1.072349e-16
1.471559e+00 1.011802e-16
1.485903e+00 9.263112e-17
1.500387e+00 8.029696e-17
1.515012e+00 7.482181e-17
1.529780e+00 7.099731e-17
1.544692e+00 6.614178e-17
1.559749e+00 6.344582e-17
1.574953e+00 6.227927e-17
1.590305e+00 6.174424e-17
1.605806e+00 6.234609e-17
1.621459e+00 6.295382e-17
1.637265e+00 6.320155e-17
1.653224e+00 6.229044e-17
1.669339e+00 6.139247e-17
1.685611e+00 6.050744e-17
1.702042e+00 5.963517e-17
1.718633e+00 5.877547e-17
1.735385e+00 6.011274e-17
1.752301e+00 6.208650e-17
1.769382e+00 6.412508e-17
1.786629e+00 6.623059e-17
1.804044e+00 6.710852e-17
1.821629e+00 5.916750e-17
1.839386e+00 5.216615e-17
1.857316e+00 5.202842e-17
1.875420e+00 5.366087e-17
1.893701e+00 5.534454e-17
1.912160e+00 5.402505e-17
1.930799e+00 5.134641e-17
1.949620e+00 4.880059e-17
1.968624e+00 4.638099e-17
1.987813e+00 4.408136e-17
2.007190e+00 4.305448e-17
2.026755e+00 4.618799e-17
2.046511e+00 4.954955e-17
2.066459e+00 4.893978e-17
2.086602e+00 4.452356e-17
2.106942e+00 4.050585e-17
2.127480e+00 3.685069e-17
2.148217e+00 3.352537e-17
2.169157e+00 3.050011e-17
2.190301e+00 2.774785e-17
2.211652e+00 2.524394e-17
2.233210e+00 2.329010e-17
2.254978e+00 2.160564e-17
2.276959e+00 2.004301e-17
2.299154e+00 1.925407e-17
2.321565e+00 1.892142e-17
2.344195e+00 1.943129e-17
2.367045e+00 2.041248e-17
2.390118e+00 2.116906e-17
2.413416e+00 2.137541e-17
2.436941e+00 2.158377e-17
2.460696e+00 2.102399e-17
2.484681e+00 1.804933e-17
2.508901e+00 1.810208e-17
2.533357e+00 1.815499e-17
2.558051e+00 1.820805e-17
2.582986e+00 1.863714e-17
2.608164e+00 2.134478e-17
2.633587e+00 2.444579e-17
2.659259e+00 2.395160e-17
2.685180e+00 1.907478e-17
2.711354e+00 1.527357e-17
2.737783e+00 1.288004e-17
2.764470e+00 1.086160e-17
2.791417e+00 9.159473e-18
2.818627e+00 9.663560e-18
2.846102e+00 1.023795e-17
2.873844e+00 1.164806e-17
2.901857e+00 1.412605e-17
2.930144e+00 1.760110e-17
2.958705e+00 1.795224e-17
2.987546e+00 1.537451e-17
3.016667e+00 1.316691e-17
3.046072e+00 1.043885e-17
3.075764e+00 7.780961e-18
3.105746e+00 6.269160e-18
3.136019e+00 5.653701e-18
3.166588e+00 5.148618e-18
3.197455e+00 4.977016e-18
3.228622e+00 4.811133e-18
3.260094e+00 4.803367e-18
3.291872e+00 5.017478e-18
3.323960e+00 5.284884e-18
3.356360e+00 6.111608e-18
3.389077e+00 7.067659e-18
3.422112e+00 8.173267e-18
3.455470e+00 8.379328e-18
3.489152e+00 8.557186e-18
3.523163e+00 8.583680e-18
3.557505e+00 8.521635e-18
3.592183e+00 8.460039e-18
3.627198e+00 9.788076e-18
3.662554e+00 1.303704e-17
3.698256e+00 1.606455e-17
3.734305e+00 1.408379e-17
3.770705e+00 1.234727e-17
3.807461e+00 1.194688e-17
3.844574e+00 1.176041e-17
3.882050e+00 1.157684e-17
3.919890e+00 1.180753e-17
3.958100e+00 1.219523e-17
3.996682e+00 1.313531e-17
4.035640e+00 1.505335e-17
4.074978e+00 1.725147e-17
4.114699e+00 1.977057e-17
4.154808e+00 2.095752e-17
4.195307e+00 2.063238e-17
4.236201e+00 2.031228e-17
4.277494e+00 2.024926e-17
4.319189e+00 2.022465e-17
4.361291e+00 2.020007e-17
4.403803e+00 2.017552e-17
4.446730e+00 2.015100e-17
4.490075e+00 1.057690e-17
4.533842e+00 8.230570e-18
4.578037e+00 6.643056e-18
4.622661e+00 5.472930e-18
4.667721e+00 4.908139e-18
4.713220e+00 4.884478e-18
4.759163e+00 4.860932e-18
4.805554e+00 5.010449e-18
4.852396e+00 5.248774e-18
4.899696e+00 5.576490e-18
4.947456e+00 5.924667e-18
4.995682e+00 6.334743e-18
5.044378e+00 7.546316e-18
5.093548e+00 4.347240e-18
5.143198e+00 4.071726e-18
5.193332e+00 4.116872e-18
5.243955e+00 4.128542e-18
5.295071e+00 4.140246e-18
5.346685e+00 3.823571e-18
5.398802e+00 3.452345e-18
5.451428e+00 4.020976e-18
5.504566e+00 4.116542e-18
5.558223e+00 3.963668e-18
5.612402e+00 3.688496e-18
5.667109e+00 3.311842e-18
5.722350e+00 2.736255e-18
5.778129e+00 1.938889e-18
5.834452e+00 1.734933e-18
5.891324e+00 1.738306e-18
5.948751e+00 1.741685e-18
6.006737e+00 1.722892e-18
6.065288e+00 1.623186e-18
6.124410e+00 1.853833e-18
6.184109e+00 2.744670e-18
6.244389e+00 2.756701e-18
6.305257e+00 2.685440e-18
6.366718e+00 1.960681e-18
6.428778e+00 1.525195e-18
6.491443e+00 1.645821e-18
6.554719e+00 2.015379e-18
6.618612e+00 2.367253e-18
6.683128e+00 2.545799e-18
6.748272e+00 2.636735e-18
6.814052e+00 2.581634e-18
6.880473e+00 2.244808e-18
6.947541e+00 1.813062e-18
7.015263e+00 1.481352e-18
7.083645e+00 1.345606e-18
7.152693e+00 1.233663e-18
7.222415e+00 1.223903e-18
7.292816e+00 1.242651e-18
7.363904e+00 1.364106e-18
7.435684e+00 1.548067e-18
7.508165e+00 1.530551e-18
7.581351e+00 1.438737e-18
7.655251e+00 1.164924e-18
7.729872e+00 1.034851e-18
7.805219e+00 1.155631e-18
7.881302e+00 1.297052e-18
7.958125e+00 1.508673e-18
8.035698e+00 1.809426e-18
8.114027e+00 1.986762e-18
8.193119e+00 1.964094e-18
8.272983e+00 1.716344e-18
8.353625e+00 1.289921e-18
8.435052e+00 1.092727e-18
8.517274e+00 1.116817e-18
8.600297e+00 1.230666e-18
8.684129e+00 1.414078e-18
8.768779e+00 1.479388e-18
8.854254e+00 1.471224e-18
8.940561e+00 1.519671e-18
9.027710e+00 1.502393e-18
9.115709e+00 1.370862e-18
9.204565e+00 1.082162e-18
9.294288e+00 1.042837e-18
9.384885e+00 1.252598e-18
9.476365e+00 1.377187e-18
9.568737e+00 1.336303e-18
9.662009e+00 1.245018e-18
9.756191e+00 1.178679e-18
9.851291e+00 1.122215e-18
9.947317e+00 1.022106e-18
1.004428e+01 9.451140e-19
1.014219e+01 9.898083e-19
1.024105e+01 1.175459e-18
1.034088e+01 1.321479e-18
1.044167e+01 1.366633e-18
1.054346e+01 1.379091e-18
1.064623e+01 1.324223e-18
1.075000e+01 1.236064e-18
1.085479e+01 1.150909e-18
1.096060e+01 8.227451e-19
1.106744e+01 7.460206e-19
1.117532e+01 7.166275e-19
1.128425e+01 7.126251e-19
1.139425e+01 8.803588e-19
1.150531e+01 1.131034e-18
1.161746e+01 1.213705e-18
1.173071e+01 1.283512e-18
1.184505e+01 1.303834e-18
1.196051e+01 1.324478e-18
1.207710e+01 1.345449e-18
1.219482e+01 1.363492e-18
1.231369e+01 1.236633e-18
1.243372e+01 1.183789e-18
1.255492e+01 1.340610e-18
1.267730e+01 1.132676e-18
1.280087e+01 1.048702e-18
1.292565e+01 9.853928e-19
1.305165e+01 8.059691e-19
1.317887e+01 7.573305e-19
1.330733e+01 7.235235e-19
1.343705e+01 6.912256e-19
1.356803e+01 6.954561e-19
1.370028e+01 7.211180e-19
1.383383e+01 7.471924e-19
1.396867e+01 7.741918e-19
1.410483e+01 8.021669e-19
1.424232e+01 8.218037e-19
1.438115e+01 8.416832e-19
1.452133e+01 8.541386e-19
1.466288e+01 8.624400e-19
1.480581e+01 8.708222e-19
1.495013e+01 8.792858e-19
1.509586e+01 7.452272e-19
1.524301e+01 6.957458e-19
1.539159e+01 6.501363e-19
1.554162e+01 6.538117e-19
1.569311e+01 6.577352e-19
1.584609e+01 6.616316e-19
1.600055e+01 6.391313e-19
1.615651e+01 6.173363e-19
1.631400e+01 5.871733e-19
1.647302e+01 5.662993e-19
1.663360e+01 5.608848e-19
1.679573e+01 5.555221e-19
1.695945e+01 5.502106e-19
1.712477e+01 5.449499e-19
1.729169e+01 5.534634e-19
1.746024e+01 6.265540e-19
1.763044e+01 6.350311e-19
1.780229e+01 6.080186e-19
1.797582e+01 5.741362e-19
1.815105e+01 5.317695e-19
1.832798e+01 4.981675e-19
1.850663e+01 4.759294e-19
1.868702e+01 4.629889e-19
1.886918e+01 4.643945e-19
1.905311e+01 4.778933e-19
1.923883e+01 4.969919e-19
1.942636e+01 5.168538e-19
1.961572e+01 6.110729e-19
1.980693e+01 6.522380e-19
2.000000e+01 6.218970e-19
