# Mass_keV   gagg_GeV-1
2.218000e+00 9.113261e-18
2.266000e+00 6.671075e-18
2.316000e+00 1.136849e-17
2.364000e+00 2.183720e-17
2.412000e+00 2.425200e-17
2.460000e+00 2.388649e-17
2.510000e+00 1.670848e-17
2.558000e+00 1.276333e-17
2.606000e+00 1.151190e-17
2.654000e+00 1.647004e-17
2.704000e+00 1.126920e-17
2.752000e+00 9.451907e-18
2.800000e+00 1.478447e-17
2.848000e+00 1.561721e-17
2.896000e+00 1.730101e-17
2.946000e+00 1.531802e-17
2.970000e+00 1.285484e-17
2.994000e+00 1.269172e-17
3.042000e+00 1.303499e-17
3.090000e+00 8.173323e-18
3.140000e+00 6.526348e-18
3.188000e+00 5.063493e-18
3.236000e+00 1.038381e-17
3.284000e+00 1.025931e-17
3.334000e+00 8.017765e-18
3.382000e+00 6.320964e-18
3.430000e+00 5.455779e-18
3.454000e+00 5.581068e-18
3.504000e+00 6.391870e-18
3.528000e+00 7.166375e-18
3.552000e+00 7.084459e-18
3.600000e+00 7.271716e-18
3.648000e+00 8.402606e-18
3.696000e+00 1.176680e-17
3.722000e+00 1.163978e-17
3.746000e+00 8.389873e-18
3.794000e+00 7.994410e-18
3.842000e+00 7.899008e-18
3.890000e+00 7.896246e-18
3.916000e+00 7.969394e-18
3.940000e+00 8.126253e-18
3.988000e+00 6.779899e-18
4.000000e+00 6.340984e-18
4.036000e+00 6.193463e-18
4.084000e+00 7.391711e-18
4.134000e+00 8.274141e-18
4.182000e+00 1.066014e-17
4.206000e+00 1.066067e-17
4.230000e+00 1.021869e-17
4.278000e+00 9.709491e-18
4.304000e+00 9.246575e-18
4.328000e+00 5.443380e-18
4.352000e+00 3.253986e-18
4.400000e+00 2.414057e-18
4.420000e+00 2.327874e-18
4.450000e+00 2.050047e-18
4.480000e+00 1.971435e-18
4.510000e+00 2.003598e-18
4.540000e+00 2.018459e-18
4.570000e+00 2.056149e-18
4.600000e+00 2.094588e-18
4.630000e+00 2.373437e-18
4.660000e+00 2.538387e-18
4.690000e+00 2.982543e-18
4.720000e+00 3.269754e-18
4.750000e+00 3.795253e-18
4.780000e+00 4.643712e-18
4.810000e+00 4.961661e-18
4.840000e+00 7.014393e-18
4.870000e+00 7.748511e-18
4.900000e+00 8.579683e-18
4.930000e+00 9.026497e-18
4.960000e+00 8.922119e-18
4.990000e+00 8.740745e-18
5.020000e+00 8.644334e-18
5.050000e+00 8.018092e-18
5.080000e+00 8.047466e-18
5.110000e+00 6.958946e-18
5.140000e+00 5.765413e-18
5.170000e+00 5.372913e-18
5.200000e+00 4.521220e-18
5.230000e+00 4.598283e-18
5.260000e+00 4.314192e-18
5.290000e+00 4.201396e-18
5.320000e+00 4.368643e-18
5.350000e+00 4.495189e-18
5.380000e+00 4.640406e-18
5.410000e+00 4.465538e-18
5.440000e+00 4.777870e-18
5.470000e+00 5.175850e-18
5.500000e+00 5.666164e-18
5.530000e+00 5.399948e-18
5.560000e+00 5.125876e-18
5.590000e+00 5.134451e-18
5.620000e+00 5.025017e-18
5.650000e+00 5.477147e-18
5.680000e+00 5.970389e-18
5.710000e+00 6.378632e-18
5.740000e+00 7.128979e-18
5.770000e+00 7.713104e-18
5.800000e+00 7.948600e-18
5.830000e+00 8.089421e-18
5.860000e+00 7.652039e-18
5.890000e+00 7.513665e-18
5.920000e+00 7.144736e-18
5.950000e+00 6.650746e-18
5.980000e+00 6.165383e-18
6.010000e+00 5.109372e-18
6.040000e+00 4.300643e-18
6.070000e+00 3.627838e-18
6.100000e+00 3.377668e-18
6.130000e+00 3.323338e-18
6.160000e+00 3.398396e-18
6.190000e+00 3.947998e-18
6.220000e+00 4.576255e-18
6.250000e+00 6.318281e-18
6.280000e+00 7.154585e-18
6.310000e+00 7.506177e-18
6.340000e+00 7.620188e-18
6.370000e+00 7.695945e-18
6.400000e+00 7.643468e-18
6.430000e+00 7.797335e-18
6.460000e+00 7.516340e-18
6.490000e+00 7.136602e-18
6.520000e+00 5.987066e-18
6.550000e+00 4.835909e-18
6.580000e+00 4.281310e-18
6.610000e+00 3.393856e-18
6.640000e+00 3.155915e-18
6.670000e+00 3.053181e-18
6.700000e+00 3.048732e-18
6.730000e+00 3.241720e-18
6.760000e+00 3.231902e-18
6.790000e+00 3.600576e-18
6.820000e+00 3.984130e-18
6.850000e+00 4.410778e-18
6.880000e+00 5.573257e-18
6.910000e+00 6.335751e-18
6.940000e+00 6.383481e-18
6.970000e+00 6.396089e-18
7.000000e+00 6.241426e-18
7.030000e+00 5.340508e-18
7.060000e+00 5.305572e-18
7.090000e+00 6.621090e-18
7.120000e+00 5.270843e-18
7.150000e+00 4.582939e-18
7.180000e+00 5.481321e-18
7.210000e+00 5.476691e-18
7.240000e+00 5.291382e-18
7.270000e+00 5.068844e-18
7.300000e+00 5.552513e-18
7.330000e+00 6.843557e-18
7.360000e+00 6.857562e-18
7.390000e+00 6.355326e-18
7.420000e+00 5.437029e-18
7.450000e+00 5.115513e-18
7.480000e+00 4.984280e-18
7.510000e+00 5.135281e-18
7.540000e+00 4.910161e-18
7.570000e+00 4.311611e-18
7.600000e+00 4.869495e-18
7.630000e+00 5.868837e-18
7.660000e+00 6.079372e-18
7.690000e+00 5.718646e-18
7.720000e+00 6.243516e-18
7.750000e+00 5.999898e-18
7.780000e+00 6.526660e-18
7.810000e+00 6.689499e-18
7.840000e+00 6.574720e-18
7.870000e+00 6.088112e-18
7.900000e+00 5.680456e-18
7.930000e+00 5.713549e-18
7.960000e+00 5.009134e-18
7.990000e+00 4.462729e-18
8.020000e+00 4.191746e-18
8.050000e+00 3.838238e-18
8.080000e+00 3.370534e-18
8.110000e+00 3.213248e-18
8.140000e+00 2.844091e-18
8.170000e+00 2.639334e-18
8.200000e+00 2.911893e-18
8.230000e+00 2.997764e-18
8.260000e+00 3.342742e-18
8.290000e+00 3.401908e-18
8.320000e+00 3.889506e-18
8.350000e+00 4.077368e-18
8.380000e+00 4.247565e-18
8.410000e+00 4.239866e-18
8.440000e+00 4.624284e-18
8.470000e+00 5.299058e-18
8.500000e+00 5.852142e-18
8.530000e+00 6.738399e-18
8.560000e+00 7.027069e-18
8.590000e+00 7.185102e-18
8.620000e+00 7.880199e-18
8.650000e+00 7.811979e-18
8.680000e+00 6.754074e-18
8.710000e+00 6.094669e-18
8.740000e+00 5.591376e-18
8.770000e+00 4.867190e-18
8.800000e+00 4.355286e-18
8.830000e+00 3.825175e-18
8.860000e+00 3.402699e-18
8.890000e+00 3.226783e-18
8.920000e+00 2.965780e-18
8.950000e+00 2.819040e-18
8.980000e+00 2.620957e-18
9.010000e+00 2.695341e-18
9.040000e+00 3.058313e-18
9.070000e+00 3.270682e-18
9.100000e+00 4.484965e-18
9.130000e+00 5.017432e-18
9.160000e+00 5.518941e-18
9.190000e+00 6.304862e-18
9.220000e+00 6.830707e-18
9.250000e+00 6.659012e-18
9.280000e+00 6.577023e-18
9.310000e+00 6.908011e-18
9.340000e+00 7.320586e-18
9.370000e+00 7.000674e-18
9.400000e+00 6.957644e-18
9.430000e+00 6.561754e-18
9.460000e+00 5.971832e-18
9.490000e+00 5.054973e-18
9.520000e+00 4.613519e-18
9.550000e+00 3.784507e-18
9.580000e+00 3.260533e-18
9.610000e+00 3.038221e-18
9.640000e+00 3.105090e-18
9.670000e+00 2.940815e-18
9.700000e+00 3.010578e-18
9.730000e+00 3.054358e-18
9.760000e+00 2.976485e-18
9.790000e+00 3.274493e-18
9.820000e+00 3.637500e-18
9.850000e+00 4.034550e-18
9.880000e+00 4.979071e-18
9.910000e+00 5.412839e-18
9.940000e+00 5.788163e-18
9.970000e+00 6.385153e-18
1.000000e+01 6.618635e-18
1.003000e+01 6.046481e-18
1.006000e+01 6.240220e-18
1.009000e+01 6.127507e-18
1.012000e+01 6.224933e-18
1.015000e+01 5.890465e-18
1.018000e+01 5.781281e-18
1.021000e+01 5.215123e-18
1.024000e+01 5.239591e-18
1.027000e+01 5.359385e-18
1.030000e+01 4.851920e-18
1.033000e+01 4.758240e-18
1.036000e+01 4.977356e-18
1.039000e+01 5.425096e-18
1.042000e+01 5.708076e-18
1.045000e+01 6.064279e-18
1.048000e+01 6.249279e-18
1.051000e+01 6.229456e-18
1.054000e+01 6.222652e-18
1.057000e+01 5.600501e-18
1.060000e+01 5.446015e-18
1.063000e+01 4.971790e-18
1.066000e+01 5.276218e-18
1.069000e+01 4.808413e-18
1.072000e+01 5.278980e-18
1.075000e+01 5.451538e-18
1.078000e+01 4.957854e-18
1.081000e+01 4.681505e-18
1.084000e+01 4.428727e-18
1.087000e+01 4.585125e-18
1.090000e+01 4.838661e-18
1.093000e+01 5.561459e-18
1.096000e+01 5.882807e-18
1.099000e+01 5.883596e-18
1.102000e+01 6.038238e-18
1.105000e+01 5.768765e-18
1.108000e+01 5.711131e-18
1.111000e+01 5.644670e-18
1.114000e+01 5.907993e-18
1.117000e+01 5.529171e-18
1.120000e+01 6.024985e-18
1.123000e+01 5.982423e-18
1.126000e+01 5.897009e-18
1.129000e+01 6.317050e-18
1.132000e+01 6.344742e-18
1.135000e+01 6.404714e-18
1.138000e+01 5.900665e-18
1.141000e+01 6.093977e-18
1.144000e+01 5.411850e-18
1.147000e+01 5.711815e-18
1.150000e+01 5.256062e-18
1.153000e+01 4.742694e-18
1.156000e+01 4.485936e-18
1.159000e+01 4.374627e-18
1.162000e+01 4.418492e-18
1.165000e+01 4.937949e-18
1.168000e+01 5.150851e-18
1.171000e+01 5.647685e-18
1.174000e+01 6.380218e-18
1.177000e+01 6.999985e-18
1.180000e+01 6.775140e-18
1.183000e+01 5.944333e-18
1.186000e+01 6.119375e-18
1.189000e+01 5.477204e-18
1.192000e+01 5.078142e-18
1.195000e+01 4.435877e-18
1.198000e+01 4.211049e-18
1.201000e+01 4.356328e-18
1.204000e+01 4.200251e-18
1.207000e+01 4.391436e-18
1.210000e+01 5.431162e-18
1.213000e+01 6.347035e-18
1.216000e+01 6.640077e-18
1.219000e+01 6.722230e-18
1.222000e+01 6.835748e-18
1.225000e+01 6.253295e-18
1.228000e+01 4.904773e-18
1.231000e+01 4.509354e-18
1.234000e+01 3.899112e-18
1.237000e+01 3.602422e-18
1.240000e+01 3.775807e-18
1.243000e+01 4.078800e-18
1.246000e+01 4.013600e-18
1.249000e+01 4.428962e-18
1.252000e+01 6.048068e-18
1.255000e+01 6.729344e-18
1.258000e+01 7.528203e-18
1.261000e+01 7.974068e-18
1.264000e+01 8.620460e-18
1.267000e+01 9.011828e-18
1.270000e+01 9.280211e-18
1.273000e+01 9.650625e-18
1.276000e+01 1.101782e-17
1.279000e+01 1.329041e-17
1.282000e+01 1.601704e-17
1.285000e+01 1.237424e-17
1.288000e+01 1.125044e-17
1.291000e+01 1.046127e-17
1.294000e+01 1.013190e-17
1.297000e+01 9.792014e-18
1.300000e+01 9.895233e-18
1.303000e+01 9.551246e-18
1.306000e+01 9.397584e-18
1.309000e+01 9.336343e-18
1.312000e+01 9.678978e-18
1.315000e+01 9.430785e-18
1.318000e+01 8.384806e-18
1.321000e+01 8.499793e-18
1.324000e+01 8.246389e-18
1.327000e+01 8.144507e-18
1.330000e+01 7.533496e-18
1.333000e+01 6.430568e-18
1.336000e+01 5.845498e-18
1.339000e+01 5.320676e-18
1.342000e+01 4.920942e-18
1.345000e+01 4.454822e-18
1.348000e+01 4.518103e-18
1.351000e+01 4.653768e-18
1.354000e+01 5.521637e-18
1.357000e+01 6.646545e-18
1.360000e+01 7.118898e-18
1.363000e+01 6.856432e-18
1.366000e+01 7.990388e-18
1.369000e+01 8.792273e-18
1.372000e+01 8.624149e-18
1.375000e+01 7.479667e-18
1.378000e+01 7.968758e-18
1.381000e+01 8.384325e-18
1.384000e+01 8.606438e-18
1.387000e+01 8.517308e-18
1.390000e+01 8.032482e-18
1.393000e+01 6.936941e-18
1.396000e+01 6.324896e-18
1.399000e+01 6.183541e-18
1.402000e+01 6.324718e-18
1.405000e+01 6.621341e-18
1.408000e+01 7.177988e-18
1.411000e+01 7.854748e-18
1.414000e+01 8.107365e-18
1.417000e+01 8.685466e-18
1.420000e+01 8.977844e-18
1.423000e+01 9.211656e-18
1.426000e+01 9.520596e-18
1.429000e+01 8.759973e-18
1.432000e+01 9.292943e-18
1.435000e+01 8.841438e-18
1.438000e+01 8.478239e-18
1.441000e+01 8.228624e-18
1.444000e+01 7.427791e-18
1.447000e+01 6.002183e-18
1.450000e+01 6.119729e-18
1.453000e+01 5.329122e-18
1.456000e+01 5.780511e-18
1.459000e+01 6.199836e-18
1.462000e+01 6.588037e-18
1.465000e+01 6.789298e-18
1.468000e+01 6.311727e-18
1.471000e+01 6.739781e-18
1.474000e+01 6.982889e-18
1.477000e+01 6.851153e-18
1.480000e+01 7.008610e-18
1.483000e+01 7.596756e-18
1.486000e+01 8.548192e-18
1.489000e+01 9.878452e-18
1.492000e+01 1.071721e-17
1.495000e+01 1.181185e-17
1.498000e+01 1.430368e-17
1.501000e+01 1.334973e-17
1.504000e+01 1.226115e-17
1.507000e+01 1.132928e-17
1.510000e+01 1.046802e-17
1.513000e+01 1.007138e-17
1.516000e+01 9.563595e-18
1.519000e+01 9.421186e-18
1.522000e+01 9.171826e-18
1.525000e+01 8.898547e-18
1.528000e+01 9.091278e-18
1.531000e+01 8.835418e-18
1.534000e+01 8.987571e-18
1.537000e+01 9.217436e-18
1.540000e+01 8.277454e-18
1.543000e+01 6.456967e-18
1.546000e+01 5.383922e-18
1.549000e+01 4.801645e-18
1.552000e+01 4.586120e-18
1.555000e+01 4.148061e-18
1.558000e+01 3.968913e-18
1.561000e+01 3.993373e-18
1.564000e+01 4.006610e-18
1.567000e+01 4.190455e-18
1.570000e+01 4.359766e-18
1.573000e+01 5.125583e-18
1.576000e+01 6.363214e-18
1.579000e+01 7.188152e-18
1.582000e+01 9.054989e-18
1.585000e+01 1.079100e-17
1.588000e+01 1.069858e-17
1.591000e+01 1.083397e-17
1.594000e+01 1.015712e-17
1.597000e+01 9.959248e-18
1.600000e+01 1.016881e-17
1.603000e+01 1.126649e-17
1.606000e+01 1.183691e-17
1.609000e+01 1.234721e-17
1.612000e+01 1.337291e-17
1.615000e+01 1.260997e-17
1.618000e+01 1.196973e-17
1.621000e+01 1.127200e-17
1.624000e+01 1.105531e-17
1.627000e+01 1.033516e-17
1.630000e+01 9.478585e-18
1.633000e+01 8.758420e-18
1.636000e+01 7.644118e-18
1.639000e+01 6.909891e-18
1.642000e+01 6.481860e-18
1.645000e+01 6.209028e-18
1.648000e+01 5.520472e-18
1.651000e+01 5.401764e-18
1.654000e+01 5.057960e-18
1.657000e+01 5.186306e-18
1.660000e+01 5.253809e-18
1.663000e+01 5.613528e-18
1.666000e+01 6.428357e-18
1.669000e+01 6.556618e-18
1.672000e+01 6.996509e-18
1.675000e+01 7.144339e-18
1.678000e+01 7.936325e-18
1.681000e+01 9.466727e-18
1.684000e+01 1.063035e-17
1.687000e+01 1.218459e-17
1.690000e+01 1.313914e-17
1.693000e+01 1.295280e-17
1.696000e+01 1.313290e-17
1.699000e+01 1.344408e-17
1.702000e+01 1.380587e-17
1.705000e+01 1.354596e-17
1.708000e+01 1.317069e-17
1.711000e+01 1.280232e-17
1.714000e+01 1.283380e-17
1.717000e+01 1.320338e-17
1.720000e+01 1.377476e-17
1.723000e+01 1.505234e-17
1.726000e+01 1.753273e-17
1.729000e+01 2.122882e-17
1.732000e+01 1.664051e-17
1.735000e+01 1.381848e-17
1.738000e+01 1.271066e-17
1.741000e+01 1.207970e-17
1.744000e+01 1.164656e-17
1.747000e+01 1.150959e-17
1.750000e+01 1.135906e-17
1.753000e+01 1.111560e-17
1.756000e+01 1.070541e-17
1.759000e+01 1.046850e-17
1.762000e+01 9.617881e-18
1.765000e+01 8.218184e-18
1.768000e+01 6.758690e-18
1.771000e+01 6.358230e-18
1.774000e+01 5.632028e-18
1.777000e+01 5.319704e-18
1.780000e+01 5.474187e-18
1.783000e+01 6.001502e-18
1.786000e+01 6.709832e-18
1.789000e+01 8.432459e-18
1.792000e+01 9.632762e-18
1.795000e+01 1.147255e-17
1.798000e+01 1.275460e-17
