6.24 3.57e-11
6.38 3.97e-11
6.53 4.05e-11
6.67 4.08e-11
6.83 3.96e-11
6.98 3.73e-11
7.13 3.29e-11
7.26 2.71e-11
7.37 2.20e-11
7.46 1.79e-11
7.54 1.43e-11
7.61 1.19e-11
7.67 9.72e-12
7.73 7.88e-12
7.80 6.13e-12
7.86 4.77e-12
7.93 3.78e-12
7.98 3.09e-12
8.06 2.55e-12
8.12 2.07e-12
8.20 1.70e-12
8.29 1.39e-12
8.42 1.12e-12
8.59 9.68e-13
8.78 9.07e-13
8.98 8.52e-13
9.19 7.87e-13
9.39 7.57e-13
9.61 7.95e-13
9.77 9.63e-13
9.88 1.19e-12
9.97 1.48e-12
10.1 1.83e-12
10.3 2.32e-12
10.5 2.44e-12
10.7 2.06e-12
10.8 1.64e-12
10.9 1.29e-12
11.0 1.05e-12
11.0 8.60e-13
11.2 6.99e-13
11.4 6.05e-13
11.5 7.04e-13
11.6 9.14e-13
11.7 1.12e-12
11.9 1.41e-12
12.2 1.46e-12
12.5 1.38e-12
12.7 1.19e-12
12.8 9.78e-13
13.0 7.94e-13
13.2 6.52e-13
13.5 5.38e-13
13.8 4.46e-13
14.1 4.49e-13
14.4 5.28e-13
14.8 5.52e-13
15.1 5.09e-13
15.4 4.31e-13
15.5 3.58e-13
15.6 2.92e-13
15.7 2.37e-13
15.8 1.90e-13
15.9 1.51e-13
16.0 1.19e-13
16.1 9.66e-14
16.4 8.04e-14
16.7 9.22e-14
16.9 1.13e-13
17.3 1.38e-13
17.6 1.30e-13
17.8 9.83e-14
18.0 7.87e-14
18.3 6.28e-14
18.3 5.70e-14
18.5 7.56e-14
18.7 9.34e-14
18.9 1.16e-13
19.3 1.30e-13
19.7 1.15e-13
20.1 9.77e-14
20.5 7.89e-14
20.9 6.36e-14
21.3 5.40e-14
21.5 4.38e-14
21.7 3.64e-14
21.9 3.00e-14
22.1 2.41e-14
22.5 2.04e-14
23.0 1.88e-14
23.4 1.75e-14
23.7 1.39e-14
23.9 1.13e-14
24.0 9.26e-15
24.1 7.54e-15
24.4 6.08e-15
24.8 4.75e-15
25.3 4.26e-15
25.9 3.95e-15
26.5 4.23e-15
27.0 5.08e-15
27.6 4.76e-15
28.1 5.29e-15
28.4 6.63e-15
28.5 8.64e-15
28.7 1.14e-14
29.0 1.48e-14
29.5 1.62e-14
29.9 1.25e-14
30.1 9.91e-15
30.3 8.13e-15
30.7 7.19e-15
31.2 8.69e-15
31.5 1.09e-14
32.0 1.25e-14
32.8 1.16e-14
33.5 1.04e-14
34.1 9.28e-15
34.5 7.44e-15
35.0 5.85e-15
35.7 5.93e-15
35.9 7.37e-15
36.5 9.07e-15
37.3 1.04e-14
37.7 1.28e-14
38.0 1.62e-14
38.2 2.04e-14
38.3 2.59e-14
38.5 3.49e-14
38.6 4.45e-14
38.7 5.83e-14
38.9 8.24e-14
39.1 1.12e-13
39.2 1.40e-13
39.4 1.81e-13
39.5 2.22e-13
39.7 2.69e-13
