# Energy of the line in keV vs Ratio of Line amplitude with TABS(nH=0.22) and Line amplitude with TABS(nH=0.145)
1.0 0.8299863975930188
1.05 0.8485048701564133
1.1 0.8627314210704516
1.15 0.8773194016728864
1.2 0.8901688290687277
1.25 0.9012141724155267
1.3 0.9082687410710901
1.35 0.9139060196075035
1.4 0.9218701916475313
1.45 0.9284475800306953
1.5 0.9343331478065264
1.55 0.9394091695700675
1.6 0.9449299874317584
1.65 0.9493123577595178
1.7 0.9527182926005114
1.75 0.9563611474649486
1.8 0.9592780936644923
1.85 0.9607566849008313
1.9 0.9623352905406457
1.95 0.9644885323098871
2.0 0.9669530358530798
2.05 0.9692188166614084
2.1 0.970991026635064
2.15 0.9728586347725026
2.2 0.974244843053294
2.25 0.9756157685364797
2.3 0.9774033090301951
2.35 0.9787893226208285
2.4 0.9799606110460428
10.0 1.0